conversation_id,condition,turn_number,hedging,word_count,repetitiveness
conv_ai_ai_detective_claudesonnet4_grok41fast_D1_1775424532,ai_ai_detective,2,0.0,37,0.0
conv_ai_ai_detective_claudesonnet4_grok41fast_D1_1775424532,ai_ai_detective,3,0.8333,120,0.0
conv_ai_ai_detective_claudesonnet4_grok41fast_D1_1775424532,ai_ai_detective,4,0.0,342,0.0
conv_ai_ai_detective_claudesonnet4_grok41fast_D1_1775424532,ai_ai_detective,5,0.9091,220,0.037
conv_ai_ai_detective_claudesonnet4_grok41fast_D1_1775424532,ai_ai_detective,6,0.0,436,0.0039
conv_ai_ai_detective_claudesonnet4_grok41fast_D1_1775424532,ai_ai_detective,7,0.6645,301,0.0
conv_ai_ai_detective_claudesonnet4_grok41fast_D1_1775424532,ai_ai_detective,8,0.0,322,0.0013
conv_ai_ai_detective_claudesonnet4_grok41fast_D1_1775424532,ai_ai_detective,9,1.0563,284,0.0105
conv_ai_ai_detective_claudesonnet4_grok41fast_D1_1775424532,ai_ai_detective,10,0.0,261,0.0
conv_ai_ai_detective_claudesonnet4_grok41fast_D1_1775424532,ai_ai_detective,11,1.5504,258,0.0057
conv_ai_ai_detective_claudesonnet4_grok41fast_D1_1775424532,ai_ai_detective,12,0.0,116,0.0054
conv_ai_ai_detective_claudesonnet4_grok41fast_D1_1775424532,ai_ai_detective,13,0.7874,254,0.0245
conv_ai_ai_detective_claudesonnet4_grok41fast_D1_1775424532,ai_ai_detective,14,0.0,159,0.0
conv_ai_ai_detective_claudesonnet4_grok41fast_D1_1775424532,ai_ai_detective,15,0.0,225,0.0108
conv_ai_ai_detective_claudesonnet4_grok41fast_D1_1775424532,ai_ai_detective,16,0.0,357,0.002
conv_ai_ai_detective_claudesonnet4_grok41fast_D1_1775424532,ai_ai_detective,17,0.4608,217,0.0
conv_ai_ai_detective_claudesonnet4_grok41fast_D1_1775424532,ai_ai_detective,18,0.0,249,0.0
conv_ai_ai_detective_claudesonnet4_grok41fast_D1_1775424532,ai_ai_detective,19,0.0,250,0.0022
conv_ai_ai_detective_claudesonnet4_grok41fast_D1_1775424532,ai_ai_detective,20,0.0,245,0.0
conv_ai_ai_detective_claudesonnet4_grok41fast_D2_1775424798,ai_ai_detective,2,0.0,14,0.0
conv_ai_ai_detective_claudesonnet4_grok41fast_D2_1775424798,ai_ai_detective,3,1.3514,74,0.0
conv_ai_ai_detective_claudesonnet4_grok41fast_D2_1775424798,ai_ai_detective,4,0.0,147,0.0
conv_ai_ai_detective_claudesonnet4_grok41fast_D2_1775424798,ai_ai_detective,5,0.0,134,0.0099
conv_ai_ai_detective_claudesonnet4_grok41fast_D2_1775424798,ai_ai_detective,6,0.2762,362,0.0
conv_ai_ai_detective_claudesonnet4_grok41fast_D2_1775424798,ai_ai_detective,7,1.1765,170,0.0101
conv_ai_ai_detective_claudesonnet4_grok41fast_D2_1775424798,ai_ai_detective,8,0.8197,122,0.0021
conv_ai_ai_detective_claudesonnet4_grok41fast_D2_1775424798,ai_ai_detective,9,1.7857,224,0.0026
conv_ai_ai_detective_claudesonnet4_grok41fast_D2_1775424798,ai_ai_detective,10,0.0,95,0.0095
conv_ai_ai_detective_claudesonnet4_grok41fast_D2_1775424798,ai_ai_detective,11,0.5405,185,0.0025
conv_ai_ai_detective_claudesonnet4_grok41fast_D2_1775424798,ai_ai_detective,12,0.4831,207,0.0
conv_ai_ai_detective_claudesonnet4_grok41fast_D2_1775424798,ai_ai_detective,13,1.8265,219,0.0364
conv_ai_ai_detective_claudesonnet4_grok41fast_D2_1775424798,ai_ai_detective,14,0.0,184,0.0
conv_ai_ai_detective_claudesonnet4_grok41fast_D2_1775424798,ai_ai_detective,15,0.0,230,0.0023
conv_ai_ai_detective_claudesonnet4_grok41fast_D2_1775424798,ai_ai_detective,16,0.4255,235,0.0
conv_ai_ai_detective_claudesonnet4_grok41fast_D2_1775424798,ai_ai_detective,17,0.431,232,0.0
conv_ai_ai_detective_claudesonnet4_grok41fast_D2_1775424798,ai_ai_detective,18,0.0,221,0.0067
conv_ai_ai_detective_claudesonnet4_grok41fast_D2_1775424798,ai_ai_detective,19,0.0,241,0.0065
conv_ai_ai_detective_claudesonnet4_grok41fast_D2_1775424798,ai_ai_detective,20,0.6993,143,0.0
conv_ai_ai_detective_claudesonnet4_grok41fast_D5_1775424401,ai_ai_detective,2,0.0,46,0.0
conv_ai_ai_detective_claudesonnet4_grok41fast_D5_1775424401,ai_ai_detective,3,0.0,93,0.0
conv_ai_ai_detective_claudesonnet4_grok41fast_D5_1775424401,ai_ai_detective,4,0.7634,131,0.0
conv_ai_ai_detective_claudesonnet4_grok41fast_D5_1775424401,ai_ai_detective,5,0.6757,148,0.0
conv_ai_ai_detective_claudesonnet4_grok41fast_D5_1775424401,ai_ai_detective,6,0.5556,180,0.0
conv_ai_ai_detective_claudesonnet4_grok41fast_D5_1775424401,ai_ai_detective,7,1.0638,188,0.0091
conv_ai_ai_detective_claudesonnet4_grok41fast_D5_1775424401,ai_ai_detective,8,0.0,141,0.0128
conv_ai_ai_detective_claudesonnet4_grok41fast_D5_1775424401,ai_ai_detective,9,0.0,229,0.025
conv_ai_ai_detective_claudesonnet4_grok41fast_D5_1775424401,ai_ai_detective,10,1.25,80,0.0
conv_ai_ai_detective_claudesonnet4_grok41fast_D5_1775424401,ai_ai_detective,11,0.0,144,0.0548
conv_ai_ai_detective_claudesonnet4_grok41fast_D5_1775424401,ai_ai_detective,12,0.0,55,0.0
conv_ai_ai_detective_claudesonnet4_grok41fast_D5_1775424401,ai_ai_detective,13,0.0,214,0.0859
conv_ai_ai_detective_claudesonnet4_grok41fast_D5_1775424401,ai_ai_detective,14,0.0,45,0.0
conv_ai_ai_detective_claudesonnet4_grok41fast_D5_1775424401,ai_ai_detective,15,0.6897,145,0.0057
conv_ai_ai_detective_claudesonnet4_grok41fast_D5_1775424401,ai_ai_detective,16,0.0,68,0.0
conv_ai_ai_detective_claudesonnet4_grok41fast_D5_1775424401,ai_ai_detective,17,0.7634,131,0.0305
conv_ai_ai_detective_claudesonnet4_grok41fast_D5_1775424401,ai_ai_detective,18,0.0,39,0.0
conv_ai_ai_detective_claudesonnet4_grok41fast_D5_1775424401,ai_ai_detective,19,0.0,111,0.0129
conv_ai_ai_detective_claudesonnet4_grok41fast_D5_1775424401,ai_ai_detective,20,0.0,299,0.0
conv_ai_ai_detective_claudesonnet4_llama4scout_D1_1775424273,ai_ai_detective,2,0.0,116,0.0
conv_ai_ai_detective_claudesonnet4_llama4scout_D1_1775424273,ai_ai_detective,3,2.1277,94,0.0
conv_ai_ai_detective_claudesonnet4_llama4scout_D1_1775424273,ai_ai_detective,4,0.5263,380,0.0248
conv_ai_ai_detective_claudesonnet4_llama4scout_D1_1775424273,ai_ai_detective,5,0.7812,128,0.0093
conv_ai_ai_detective_claudesonnet4_llama4scout_D1_1775424273,ai_ai_detective,6,0.0,361,0.0433
conv_ai_ai_detective_claudesonnet4_llama4scout_D1_1775424273,ai_ai_detective,7,0.5917,169,0.0139
conv_ai_ai_detective_claudesonnet4_llama4scout_D1_1775424273,ai_ai_detective,8,0.4717,424,0.0552
conv_ai_ai_detective_claudesonnet4_llama4scout_D1_1775424273,ai_ai_detective,9,1.7857,168,0.0122
conv_ai_ai_detective_claudesonnet4_llama4scout_D1_1775424273,ai_ai_detective,10,0.9238,433,0.0424
conv_ai_ai_detective_claudesonnet4_llama4scout_D1_1775424273,ai_ai_detective,11,0.7722,259,0.0096
conv_ai_ai_detective_claudesonnet4_llama4scout_D1_1775424273,ai_ai_detective,12,1.3636,220,0.0229
conv_ai_ai_detective_claudesonnet4_llama4scout_D1_1775424273,ai_ai_detective,13,0.9132,219,0.0066
conv_ai_ai_detective_claudesonnet4_llama4scout_D1_1775424273,ai_ai_detective,14,1.5707,191,0.0703
conv_ai_ai_detective_claudesonnet4_llama4scout_D1_1775424273,ai_ai_detective,15,1.1299,177,0.0106
conv_ai_ai_detective_claudesonnet4_llama4scout_D1_1775424273,ai_ai_detective,16,0.5181,193,0.0403
conv_ai_ai_detective_claudesonnet4_llama4scout_D1_1775424273,ai_ai_detective,17,1.8779,213,0.016
conv_ai_ai_detective_claudesonnet4_llama4scout_D1_1775424273,ai_ai_detective,18,1.2987,154,0.0094
conv_ai_ai_detective_claudesonnet4_llama4scout_D1_1775424273,ai_ai_detective,19,2.1818,275,0.0511
conv_ai_ai_detective_claudesonnet4_llama4scout_D1_1775424273,ai_ai_detective,20,2.0202,99,0.0628
conv_ai_ai_detective_claudesonnet4_llama4scout_D3_1775424100,ai_ai_detective,2,2.1053,95,0.0
conv_ai_ai_detective_claudesonnet4_llama4scout_D3_1775424100,ai_ai_detective,3,1.2987,154,0.0
conv_ai_ai_detective_claudesonnet4_llama4scout_D3_1775424100,ai_ai_detective,4,1.4706,272,0.0111
conv_ai_ai_detective_claudesonnet4_llama4scout_D3_1775424100,ai_ai_detective,5,0.0,178,0.0031
conv_ai_ai_detective_claudesonnet4_llama4scout_D3_1775424100,ai_ai_detective,6,1.3761,436,0.0058
conv_ai_ai_detective_claudesonnet4_llama4scout_D3_1775424100,ai_ai_detective,7,0.4505,222,0.0102
conv_ai_ai_detective_claudesonnet4_llama4scout_D3_1775424100,ai_ai_detective,8,0.2179,459,0.0315
conv_ai_ai_detective_claudesonnet4_llama4scout_D3_1775424100,ai_ai_detective,9,0.4274,234,0.0203
conv_ai_ai_detective_claudesonnet4_llama4scout_D3_1775424100,ai_ai_detective,10,0.0,216,0.0111
conv_ai_ai_detective_claudesonnet4_llama4scout_D3_1775424100,ai_ai_detective,11,0.8333,240,0.0132
conv_ai_ai_detective_claudesonnet4_llama4scout_D3_1775424100,ai_ai_detective,12,0.5435,184,0.0265
conv_ai_ai_detective_claudesonnet4_llama4scout_D3_1775424100,ai_ai_detective,13,0.4785,209,0.0236
conv_ai_ai_detective_claudesonnet4_llama4scout_D3_1775424100,ai_ai_detective,14,0.8475,236,0.0693
conv_ai_ai_detective_claudesonnet4_llama4scout_D3_1775424100,ai_ai_detective,15,3.4483,203,0.015
conv_ai_ai_detective_claudesonnet4_llama4scout_D3_1775424100,ai_ai_detective,16,1.7467,229,0.044
conv_ai_ai_detective_claudesonnet4_llama4scout_D3_1775424100,ai_ai_detective,17,1.3699,219,0.0024
conv_ai_ai_detective_claudesonnet4_llama4scout_D3_1775424100,ai_ai_detective,18,0.6431,311,0.0435
conv_ai_ai_detective_claudesonnet4_llama4scout_D3_1775424100,ai_ai_detective,19,1.2245,245,0.0088
conv_ai_ai_detective_claudesonnet4_llama4scout_D3_1775424100,ai_ai_detective,20,1.4706,272,0.0522
conv_ai_ai_detective_claudesonnet4_llama4scout_D5_1775423927,ai_ai_detective,2,2.9762,168,0.0
conv_ai_ai_detective_claudesonnet4_llama4scout_D5_1775423927,ai_ai_detective,3,0.0,141,0.0
conv_ai_ai_detective_claudesonnet4_llama4scout_D5_1775423927,ai_ai_detective,4,2.509,279,0.039
conv_ai_ai_detective_claudesonnet4_llama4scout_D5_1775423927,ai_ai_detective,5,0.0,172,0.0236
conv_ai_ai_detective_claudesonnet4_llama4scout_D5_1775423927,ai_ai_detective,6,0.431,232,0.0232
conv_ai_ai_detective_claudesonnet4_llama4scout_D5_1775423927,ai_ai_detective,7,0.4202,238,0.0256
conv_ai_ai_detective_claudesonnet4_llama4scout_D5_1775423927,ai_ai_detective,8,0.0,204,0.0367
conv_ai_ai_detective_claudesonnet4_llama4scout_D5_1775423927,ai_ai_detective,9,1.6327,245,0.0172
conv_ai_ai_detective_claudesonnet4_llama4scout_D5_1775423927,ai_ai_detective,10,0.9569,209,0.01
conv_ai_ai_detective_claudesonnet4_llama4scout_D5_1775423927,ai_ai_detective,11,1.4085,213,0.0072
conv_ai_ai_detective_claudesonnet4_llama4scout_D5_1775423927,ai_ai_detective,12,0.0,141,0.0432
conv_ai_ai_detective_claudesonnet4_llama4scout_D5_1775423927,ai_ai_detective,13,2.551,196,0.0108
conv_ai_ai_detective_claudesonnet4_llama4scout_D5_1775423927,ai_ai_detective,14,2.5751,233,0.0112
conv_ai_ai_detective_claudesonnet4_llama4scout_D5_1775423927,ai_ai_detective,15,1.4925,268,0.0111
conv_ai_ai_detective_claudesonnet4_llama4scout_D5_1775423927,ai_ai_detective,16,1.676,179,0.0127
conv_ai_ai_detective_claudesonnet4_llama4scout_D5_1775423927,ai_ai_detective,17,2.2936,218,0.0128
conv_ai_ai_detective_claudesonnet4_llama4scout_D5_1775423927,ai_ai_detective,18,1.7857,168,0.0276
conv_ai_ai_detective_claudesonnet4_llama4scout_D5_1775423927,ai_ai_detective,19,1.9704,203,0.0097
conv_ai_ai_detective_claudesonnet4_llama4scout_D5_1775423927,ai_ai_detective,20,2.9412,204,0.0931
conv_ai_ai_detective_gemini25flash_claudesonnet4_D1_1775425474,ai_ai_detective,2,0.0,93,0.0
conv_ai_ai_detective_gemini25flash_claudesonnet4_D1_1775425474,ai_ai_detective,3,0.0,50,0.0
conv_ai_ai_detective_gemini25flash_claudesonnet4_D1_1775425474,ai_ai_detective,4,0.8696,230,0.0032
conv_ai_ai_detective_gemini25flash_claudesonnet4_D1_1775425474,ai_ai_detective,5,0.0,232,0.0
conv_ai_ai_detective_gemini25flash_claudesonnet4_D1_1775425474,ai_ai_detective,6,1.4493,276,0.0163
conv_ai_ai_detective_gemini25flash_claudesonnet4_D1_1775425474,ai_ai_detective,7,0.9434,212,0.0046
conv_ai_ai_detective_gemini25flash_claudesonnet4_D1_1775425474,ai_ai_detective,8,1.5152,264,0.0095
conv_ai_ai_detective_gemini25flash_claudesonnet4_D1_1775425474,ai_ai_detective,9,0.3311,302,0.002
conv_ai_ai_detective_gemini25flash_claudesonnet4_D1_1775425474,ai_ai_detective,10,1.1194,268,0.0135
conv_ai_ai_detective_gemini25flash_claudesonnet4_D1_1775425474,ai_ai_detective,11,0.431,232,0.0
conv_ai_ai_detective_gemini25flash_claudesonnet4_D1_1775425474,ai_ai_detective,12,1.107,271,0.0057
conv_ai_ai_detective_gemini25flash_claudesonnet4_D1_1775425474,ai_ai_detective,13,0.6826,293,0.0058
conv_ai_ai_detective_gemini25flash_claudesonnet4_D1_1775425474,ai_ai_detective,14,0.9836,305,0.0053
conv_ai_ai_detective_gemini25flash_claudesonnet4_D1_1775425474,ai_ai_detective,15,0.6012,499,0.0117
conv_ai_ai_detective_gemini25flash_claudesonnet4_D1_1775425474,ai_ai_detective,16,0.0,272,0.0071
conv_ai_ai_detective_gemini25flash_claudesonnet4_D1_1775425474,ai_ai_detective,17,0.0,152,0.0864
conv_ai_ai_detective_gemini25flash_claudesonnet4_D1_1775425474,ai_ai_detective,18,0.4032,248,0.043
conv_ai_ai_detective_gemini25flash_claudesonnet4_D1_1775425474,ai_ai_detective,19,0.6061,495,0.0324
conv_ai_ai_detective_gemini25flash_claudesonnet4_D1_1775425474,ai_ai_detective,20,0.7246,276,0.0217
conv_ai_ai_detective_gemini25flash_claudesonnet4_D2_1775425168,ai_ai_detective,2,0.0,57,0.0
conv_ai_ai_detective_gemini25flash_claudesonnet4_D2_1775425168,ai_ai_detective,3,0.0,98,0.0
conv_ai_ai_detective_gemini25flash_claudesonnet4_D2_1775425168,ai_ai_detective,4,2.8037,214,0.0
conv_ai_ai_detective_gemini25flash_claudesonnet4_D2_1775425168,ai_ai_detective,5,0.4149,241,0.003
conv_ai_ai_detective_gemini25flash_claudesonnet4_D2_1775425168,ai_ai_detective,6,0.8511,235,0.0068
conv_ai_ai_detective_gemini25flash_claudesonnet4_D2_1775425168,ai_ai_detective,7,1.2,250,0.0063
conv_ai_ai_detective_gemini25flash_claudesonnet4_D2_1775425168,ai_ai_detective,8,3.4749,259,0.0062
conv_ai_ai_detective_gemini25flash_claudesonnet4_D2_1775425168,ai_ai_detective,9,0.4545,220,0.0109
conv_ai_ai_detective_gemini25flash_claudesonnet4_D2_1775425168,ai_ai_detective,10,0.8197,244,0.0
conv_ai_ai_detective_gemini25flash_claudesonnet4_D2_1775425168,ai_ai_detective,11,0.3145,318,0.0
conv_ai_ai_detective_gemini25flash_claudesonnet4_D2_1775425168,ai_ai_detective,12,0.8621,232,0.0064
conv_ai_ai_detective_gemini25flash_claudesonnet4_D2_1775425168,ai_ai_detective,13,0.4878,205,0.01
conv_ai_ai_detective_gemini25flash_claudesonnet4_D2_1775425168,ai_ai_detective,14,0.4184,239,0.0402
conv_ai_ai_detective_gemini25flash_claudesonnet4_D2_1775425168,ai_ai_detective,15,0.4386,228,0.139
conv_ai_ai_detective_gemini25flash_claudesonnet4_D2_1775425168,ai_ai_detective,16,0.8929,224,0.0178
conv_ai_ai_detective_gemini25flash_claudesonnet4_D2_1775425168,ai_ai_detective,17,0.0,168,0.0208
conv_ai_ai_detective_gemini25flash_claudesonnet4_D2_1775425168,ai_ai_detective,18,1.4019,214,0.0189
conv_ai_ai_detective_gemini25flash_claudesonnet4_D2_1775425168,ai_ai_detective,19,0.3704,270,0.0284
conv_ai_ai_detective_gemini25flash_claudesonnet4_D2_1775425168,ai_ai_detective,20,0.431,232,0.0607
conv_ai_ai_detective_gemini25flash_claudesonnet4_D4_1775425309,ai_ai_detective,2,1.7544,114,0.0
conv_ai_ai_detective_gemini25flash_claudesonnet4_D4_1775425309,ai_ai_detective,3,1.1364,176,0.0
conv_ai_ai_detective_gemini25flash_claudesonnet4_D4_1775425309,ai_ai_detective,4,3.3493,209,0.0063
conv_ai_ai_detective_gemini25flash_claudesonnet4_D4_1775425309,ai_ai_detective,5,0.5571,359,0.0019
conv_ai_ai_detective_gemini25flash_claudesonnet4_D4_1775425309,ai_ai_detective,6,2.2901,262,0.0109
conv_ai_ai_detective_gemini25flash_claudesonnet4_D4_1775425309,ai_ai_detective,7,1.4634,205,0.0
conv_ai_ai_detective_gemini25flash_claudesonnet4_D4_1775425309,ai_ai_detective,8,1.7167,233,0.0041
conv_ai_ai_detective_gemini25flash_claudesonnet4_D4_1775425309,ai_ai_detective,9,0.2232,448,0.0031
conv_ai_ai_detective_gemini25flash_claudesonnet4_D4_1775425309,ai_ai_detective,10,0.4219,237,0.0043
conv_ai_ai_detective_gemini25flash_claudesonnet4_D4_1775425309,ai_ai_detective,11,0.0,592,0.0029
conv_ai_ai_detective_gemini25flash_claudesonnet4_D4_1775425309,ai_ai_detective,12,1.9685,254,0.0125
conv_ai_ai_detective_gemini25flash_claudesonnet4_D4_1775425309,ai_ai_detective,13,0.0,601,0.0147
conv_ai_ai_detective_gemini25flash_claudesonnet4_D4_1775425309,ai_ai_detective,14,1.1407,263,0.0179
conv_ai_ai_detective_gemini25flash_claudesonnet4_D4_1775425309,ai_ai_detective,15,1.0736,652,0.0057
conv_ai_ai_detective_gemini25flash_claudesonnet4_D4_1775425309,ai_ai_detective,16,1.8519,270,0.0057
conv_ai_ai_detective_gemini25flash_claudesonnet4_D4_1775425309,ai_ai_detective,17,0.3831,261,0.0045
conv_ai_ai_detective_gemini25flash_claudesonnet4_D4_1775425309,ai_ai_detective,18,0.0,195,0.011
conv_ai_ai_detective_gemini25flash_claudesonnet4_D4_1775425309,ai_ai_detective,19,0.0,179,0.0235
conv_ai_ai_detective_gemini25flash_claudesonnet4_D4_1775425309,ai_ai_detective,20,1.0811,185,0.036
conv_ai_ai_detective_gemini25flash_llama4scout_D1_1775425098,ai_ai_detective,2,0.0,61,0.0
conv_ai_ai_detective_gemini25flash_llama4scout_D1_1775425098,ai_ai_detective,3,3.9216,51,0.0
conv_ai_ai_detective_gemini25flash_llama4scout_D1_1775425098,ai_ai_detective,4,0.0,256,0.0099
conv_ai_ai_detective_gemini25flash_llama4scout_D1_1775425098,ai_ai_detective,5,0.0,99,0.0069
conv_ai_ai_detective_gemini25flash_llama4scout_D1_1775425098,ai_ai_detective,6,0.0,416,0.0237
conv_ai_ai_detective_gemini25flash_llama4scout_D1_1775425098,ai_ai_detective,7,0.0,84,0.0
conv_ai_ai_detective_gemini25flash_llama4scout_D1_1775425098,ai_ai_detective,8,0.0,367,0.0135
conv_ai_ai_detective_gemini25flash_llama4scout_D1_1775425098,ai_ai_detective,9,0.0,136,0.0
conv_ai_ai_detective_gemini25flash_llama4scout_D1_1775425098,ai_ai_detective,10,0.0,152,0.002
conv_ai_ai_detective_gemini25flash_llama4scout_D1_1775425098,ai_ai_detective,11,0.0,91,0.0
conv_ai_ai_detective_gemini25flash_llama4scout_D1_1775425098,ai_ai_detective,12,0.0,139,0.0289
conv_ai_ai_detective_gemini25flash_llama4scout_D1_1775425098,ai_ai_detective,13,0.0,107,0.0104
conv_ai_ai_detective_gemini25flash_llama4scout_D1_1775425098,ai_ai_detective,14,0.4796,417,0.0115
conv_ai_ai_detective_gemini25flash_llama4scout_D1_1775425098,ai_ai_detective,15,1.3857,433,0.0094
conv_ai_ai_detective_gemini25flash_llama4scout_D1_1775425098,ai_ai_detective,16,0.6466,464,0.0198
conv_ai_ai_detective_gemini25flash_llama4scout_D1_1775425098,ai_ai_detective,17,0.8278,604,0.0059
conv_ai_ai_detective_gemini25flash_llama4scout_D1_1775425098,ai_ai_detective,18,0.9302,430,0.0281
conv_ai_ai_detective_gemini25flash_llama4scout_D1_1775425098,ai_ai_detective,19,0.1299,770,0.0052
conv_ai_ai_detective_gemini25flash_llama4scout_D1_1775425098,ai_ai_detective,20,0.0,268,0.055
conv_ai_ai_detective_gemini25flash_llama4scout_D2_1775425042,ai_ai_detective,2,0.0,49,0.0
conv_ai_ai_detective_gemini25flash_llama4scout_D2_1775425042,ai_ai_detective,3,1.0309,97,0.0
conv_ai_ai_detective_gemini25flash_llama4scout_D2_1775425042,ai_ai_detective,4,0.627,319,0.0085
conv_ai_ai_detective_gemini25flash_llama4scout_D2_1775425042,ai_ai_detective,5,0.7194,139,0.0175
conv_ai_ai_detective_gemini25flash_llama4scout_D2_1775425042,ai_ai_detective,6,0.6303,476,0.0186
conv_ai_ai_detective_gemini25flash_llama4scout_D2_1775425042,ai_ai_detective,7,1.5152,198,0.0246
conv_ai_ai_detective_gemini25flash_llama4scout_D2_1775425042,ai_ai_detective,8,1.6241,431,0.0161
conv_ai_ai_detective_gemini25flash_llama4scout_D2_1775425042,ai_ai_detective,9,0.625,160,0.0086
conv_ai_ai_detective_gemini25flash_llama4scout_D2_1775425042,ai_ai_detective,10,0.4695,426,0.0152
conv_ai_ai_detective_gemini25flash_llama4scout_D2_1775425042,ai_ai_detective,11,1.0811,185,0.006
conv_ai_ai_detective_gemini25flash_llama4scout_D2_1775425042,ai_ai_detective,12,0.0,411,0.0147
conv_ai_ai_detective_gemini25flash_llama4scout_D2_1775425042,ai_ai_detective,13,0.0,135,0.0032
conv_ai_ai_detective_gemini25flash_llama4scout_D2_1775425042,ai_ai_detective,14,0.0,107,0.0
conv_ai_ai_detective_gemini25flash_llama4scout_D2_1775425042,ai_ai_detective,15,0.0,87,0.0
conv_ai_ai_detective_gemini25flash_llama4scout_D2_1775425042,ai_ai_detective,16,0.0,130,0.027
conv_ai_ai_detective_gemini25flash_llama4scout_D2_1775425042,ai_ai_detective,17,1.5625,64,0.0
conv_ai_ai_detective_gemini25flash_llama4scout_D2_1775425042,ai_ai_detective,18,0.0,193,0.0542
conv_ai_ai_detective_gemini25flash_llama4scout_D2_1775425042,ai_ai_detective,19,0.8403,119,0.0287
conv_ai_ai_detective_gemini25flash_llama4scout_D2_1775425042,ai_ai_detective,20,0.6276,478,0.0462
conv_ai_ai_detective_gemini25flash_llama4scout_D5_1775424986,ai_ai_detective,2,2.9557,203,0.0
conv_ai_ai_detective_gemini25flash_llama4scout_D5_1775424986,ai_ai_detective,3,0.0,101,0.0
conv_ai_ai_detective_gemini25flash_llama4scout_D5_1775424986,ai_ai_detective,4,0.9009,333,0.0119
conv_ai_ai_detective_gemini25flash_llama4scout_D5_1775424986,ai_ai_detective,5,0.6944,144,0.0255
conv_ai_ai_detective_gemini25flash_llama4scout_D5_1775424986,ai_ai_detective,6,0.2155,464,0.0132
conv_ai_ai_detective_gemini25flash_llama4scout_D5_1775424986,ai_ai_detective,7,0.7678,521,0.0
conv_ai_ai_detective_gemini25flash_llama4scout_D5_1775424986,ai_ai_detective,8,0.7042,284,0.014
conv_ai_ai_detective_gemini25flash_llama4scout_D5_1775424986,ai_ai_detective,9,0.0,173,0.0059
conv_ai_ai_detective_gemini25flash_llama4scout_D5_1775424986,ai_ai_detective,10,0.0,184,0.0088
conv_ai_ai_detective_gemini25flash_llama4scout_D5_1775424986,ai_ai_detective,11,0.0,45,0.0048
conv_ai_ai_detective_gemini25flash_llama4scout_D5_1775424986,ai_ai_detective,12,0.0,99,0.0703
conv_ai_ai_detective_gemini25flash_llama4scout_D5_1775424986,ai_ai_detective,13,0.0,26,0.0152
conv_ai_ai_detective_gemini25flash_llama4scout_D5_1775424986,ai_ai_detective,14,0.0,34,0.0157
conv_ai_ai_detective_gemini25flash_llama4scout_D5_1775424986,ai_ai_detective,15,0.0,96,0.0
conv_ai_ai_detective_gemini25flash_llama4scout_D5_1775424986,ai_ai_detective,16,0.0,92,0.0619
conv_ai_ai_detective_gemini25flash_llama4scout_D5_1775424986,ai_ai_detective,17,0.0,61,0.02
conv_ai_ai_detective_gemini25flash_llama4scout_D5_1775424986,ai_ai_detective,18,0.0,68,0.2358
conv_ai_ai_detective_gemini25flash_llama4scout_D5_1775424986,ai_ai_detective,19,0.0,48,0.25
conv_ai_ai_detective_gemini25flash_llama4scout_D5_1775424986,ai_ai_detective,20,0.0,80,0.3725
conv_ai_ai_detective_gpt54_claudesonnet4_D3_1775423795,ai_ai_detective,2,0.0,77,0.0
conv_ai_ai_detective_gpt54_claudesonnet4_D3_1775423795,ai_ai_detective,3,1.2821,78,0.0
conv_ai_ai_detective_gpt54_claudesonnet4_D3_1775423795,ai_ai_detective,4,1.6129,186,0.0078
conv_ai_ai_detective_gpt54_claudesonnet4_D3_1775423795,ai_ai_detective,5,0.5587,179,0.004
conv_ai_ai_detective_gpt54_claudesonnet4_D3_1775423795,ai_ai_detective,6,0.6211,161,0.0
conv_ai_ai_detective_gpt54_claudesonnet4_D3_1775423795,ai_ai_detective,7,1.1765,170,0.0029
conv_ai_ai_detective_gpt54_claudesonnet4_D3_1775423795,ai_ai_detective,8,1.4085,213,0.0193
conv_ai_ai_detective_gpt54_claudesonnet4_D3_1775423795,ai_ai_detective,9,1.0417,96,0.0039
conv_ai_ai_detective_gpt54_claudesonnet4_D3_1775423795,ai_ai_detective,10,3.4314,204,0.0049
conv_ai_ai_detective_gpt54_claudesonnet4_D3_1775423795,ai_ai_detective,11,1.0,200,0.0034
conv_ai_ai_detective_gpt54_claudesonnet4_D3_1775423795,ai_ai_detective,12,1.4354,209,0.0049
conv_ai_ai_detective_gpt54_claudesonnet4_D3_1775423795,ai_ai_detective,13,0.0,93,0.0035
conv_ai_ai_detective_gpt54_claudesonnet4_D3_1775423795,ai_ai_detective,14,1.2903,155,0.0028
conv_ai_ai_detective_gpt54_claudesonnet4_D3_1775423795,ai_ai_detective,15,0.0,34,0.0082
conv_ai_ai_detective_gpt54_claudesonnet4_D3_1775423795,ai_ai_detective,16,0.0,68,0.0046
conv_ai_ai_detective_gpt54_claudesonnet4_D3_1775423795,ai_ai_detective,17,0.0,17,0.0217
conv_ai_ai_detective_gpt54_claudesonnet4_D3_1775423795,ai_ai_detective,18,0.0,12,0.0
conv_ai_ai_detective_gpt54_claudesonnet4_D3_1775423795,ai_ai_detective,19,0.0,15,0.037
conv_ai_ai_detective_gpt54_claudesonnet4_D3_1775423795,ai_ai_detective,20,0.0,15,0.0
conv_ai_ai_detective_gpt54_claudesonnet4_D5_1775420885,ai_ai_detective,2,1.9048,105,0.0
conv_ai_ai_detective_gpt54_claudesonnet4_D5_1775420885,ai_ai_detective,3,2.0833,192,0.0
conv_ai_ai_detective_gpt54_claudesonnet4_D5_1775420885,ai_ai_detective,4,2.0619,194,0.0034
conv_ai_ai_detective_gpt54_claudesonnet4_D5_1775420885,ai_ai_detective,5,1.4019,214,0.0025
conv_ai_ai_detective_gpt54_claudesonnet4_D5_1775420885,ai_ai_detective,6,2.1834,229,0.0048
conv_ai_ai_detective_gpt54_claudesonnet4_D5_1775420885,ai_ai_detective,7,0.4149,241,0.0045
conv_ai_ai_detective_gpt54_claudesonnet4_D5_1775420885,ai_ai_detective,8,0.431,232,0.0044
conv_ai_ai_detective_gpt54_claudesonnet4_D5_1775420885,ai_ai_detective,9,0.339,295,0.0153
conv_ai_ai_detective_gpt54_claudesonnet4_D5_1775420885,ai_ai_detective,10,3.3613,238,0.0221
conv_ai_ai_detective_gpt54_claudesonnet4_D5_1775420885,ai_ai_detective,11,0.6757,296,0.007
conv_ai_ai_detective_gpt54_claudesonnet4_D5_1775420885,ai_ai_detective,12,2.1368,234,0.0109
conv_ai_ai_detective_gpt54_claudesonnet4_D5_1775420885,ai_ai_detective,13,1.9231,208,0.0062
conv_ai_ai_detective_gpt54_claudesonnet4_D5_1775420885,ai_ai_detective,14,2.1834,229,0.02
conv_ai_ai_detective_gpt54_claudesonnet4_D5_1775420885,ai_ai_detective,15,0.5051,198,0.023
conv_ai_ai_detective_gpt54_claudesonnet4_D5_1775420885,ai_ai_detective,16,1.1494,174,0.0206
conv_ai_ai_detective_gpt54_claudesonnet4_D5_1775420885,ai_ai_detective,17,0.8547,117,0.0197
conv_ai_ai_detective_gpt54_claudesonnet4_D5_1775420885,ai_ai_detective,18,1.2422,161,0.0061
conv_ai_ai_detective_gpt54_claudesonnet4_D5_1775420885,ai_ai_detective,19,0.0,72,0.0054
conv_ai_ai_detective_gpt54_claudesonnet4_D5_1775420885,ai_ai_detective,20,2.4793,121,0.0072
conv_ai_ai_detective_gpt54_gemini25flash_D1_1775413562,ai_ai_detective,2,0.0,97,0.0
conv_ai_ai_detective_gpt54_gemini25flash_D1_1775413562,ai_ai_detective,3,1.2658,79,0.0
conv_ai_ai_detective_gpt54_gemini25flash_D1_1775413562,ai_ai_detective,4,0.0,49,0.0
conv_ai_ai_detective_gpt54_gemini25flash_D1_1775413562,ai_ai_detective,5,0.0,27,0.02
conv_ai_ai_detective_gpt54_gemini25flash_D1_1775413562,ai_ai_detective,6,0.0,52,0.0
conv_ai_ai_detective_gpt54_gemini25flash_D1_1775413562,ai_ai_detective,7,0.0,82,0.0294
conv_ai_ai_detective_gpt54_gemini25flash_D1_1775413562,ai_ai_detective,8,1.2346,81,0.0
conv_ai_ai_detective_gpt54_gemini25flash_D1_1775413562,ai_ai_detective,9,0.0,42,0.0
conv_ai_ai_detective_gpt54_gemini25flash_D1_1775413562,ai_ai_detective,10,1.9417,103,0.0
conv_ai_ai_detective_gpt54_gemini25flash_D1_1775413562,ai_ai_detective,11,1.1494,87,0.0081
conv_ai_ai_detective_gpt54_gemini25flash_D1_1775413562,ai_ai_detective,12,0.0,107,0.0
conv_ai_ai_detective_gpt54_gemini25flash_D1_1775413562,ai_ai_detective,13,0.0,31,0.027
conv_ai_ai_detective_gpt54_gemini25flash_D1_1775413562,ai_ai_detective,14,0.0,46,0.0
conv_ai_ai_detective_gpt54_gemini25flash_D1_1775413562,ai_ai_detective,15,0.0,27,0.0189
conv_ai_ai_detective_gpt54_gemini25flash_D1_1775413562,ai_ai_detective,16,0.0,53,0.0
conv_ai_ai_detective_gpt54_gemini25flash_D1_1775413562,ai_ai_detective,17,0.0,23,0.0455
conv_ai_ai_detective_gpt54_gemini25flash_D1_1775413562,ai_ai_detective,18,0.0,62,0.0278
conv_ai_ai_detective_gpt54_gemini25flash_D1_1775413562,ai_ai_detective,19,0.0,19,0.027
conv_ai_ai_detective_gpt54_gemini25flash_D1_1775413562,ai_ai_detective,20,0.0,60,0.0351
conv_ai_ai_detective_gpt54_gemini25flash_D4_1775413488,ai_ai_detective,2,0.9346,107,0.0
conv_ai_ai_detective_gpt54_gemini25flash_D4_1775413488,ai_ai_detective,3,0.6536,153,0.0
conv_ai_ai_detective_gpt54_gemini25flash_D4_1775413488,ai_ai_detective,4,0.0,120,0.0
conv_ai_ai_detective_gpt54_gemini25flash_D4_1775413488,ai_ai_detective,5,0.0,48,0.0155
conv_ai_ai_detective_gpt54_gemini25flash_D4_1775413488,ai_ai_detective,6,1.4925,67,0.0339
conv_ai_ai_detective_gpt54_gemini25flash_D4_1775413488,ai_ai_detective,7,0.0,30,0.0
conv_ai_ai_detective_gpt54_gemini25flash_D4_1775413488,ai_ai_detective,8,0.0,31,0.0
conv_ai_ai_detective_gpt54_gemini25flash_D4_1775413488,ai_ai_detective,9,1.4706,68,0.0
conv_ai_ai_detective_gpt54_gemini25flash_D4_1775413488,ai_ai_detective,10,0.0,20,0.0
conv_ai_ai_detective_gpt54_gemini25flash_D4_1775413488,ai_ai_detective,11,0.0,41,0.0096
conv_ai_ai_detective_gpt54_gemini25flash_D4_1775413488,ai_ai_detective,12,0.0,36,0.0
conv_ai_ai_detective_gpt54_gemini25flash_D4_1775413488,ai_ai_detective,13,0.0,24,0.0702
conv_ai_ai_detective_gpt54_gemini25flash_D4_1775413488,ai_ai_detective,14,0.0,32,0.0
conv_ai_ai_detective_gpt54_gemini25flash_D4_1775413488,ai_ai_detective,15,0.0,16,0.0588
conv_ai_ai_detective_gpt54_gemini25flash_D4_1775413488,ai_ai_detective,16,0.0,22,0.0
conv_ai_ai_detective_gpt54_gemini25flash_D4_1775413488,ai_ai_detective,17,0.0,11,0.0952
conv_ai_ai_detective_gpt54_gemini25flash_D4_1775413488,ai_ai_detective,18,0.0,10,0.0
conv_ai_ai_detective_gpt54_gemini25flash_D4_1775413488,ai_ai_detective,19,0.0,10,0.1333
conv_ai_ai_detective_gpt54_gemini25flash_D4_1775413488,ai_ai_detective,20,0.0,8,0.1667
conv_ai_ai_detective_gpt54mini_claudesonnet4_D1_1775412587,ai_ai_detective,2,0.0,107,0.0
conv_ai_ai_detective_gpt54mini_claudesonnet4_D1_1775412587,ai_ai_detective,3,0.0,81,0.0
conv_ai_ai_detective_gpt54mini_claudesonnet4_D1_1775412587,ai_ai_detective,4,2.3529,170,0.0
conv_ai_ai_detective_gpt54mini_claudesonnet4_D1_1775412587,ai_ai_detective,5,0.0,86,0.0
conv_ai_ai_detective_gpt54mini_claudesonnet4_D1_1775412587,ai_ai_detective,6,2.4096,166,0.003
conv_ai_ai_detective_gpt54mini_claudesonnet4_D1_1775412587,ai_ai_detective,7,0.0,64,0.0429
conv_ai_ai_detective_gpt54mini_claudesonnet4_D1_1775412587,ai_ai_detective,8,2.2727,176,0.0336
conv_ai_ai_detective_gpt54mini_claudesonnet4_D1_1775412587,ai_ai_detective,9,0.0,95,0.0333
conv_ai_ai_detective_gpt54mini_claudesonnet4_D1_1775412587,ai_ai_detective,10,2.1978,182,0.0057
conv_ai_ai_detective_gpt54mini_claudesonnet4_D1_1775412587,ai_ai_detective,11,0.0,60,0.0342
conv_ai_ai_detective_gpt54mini_claudesonnet4_D1_1775412587,ai_ai_detective,12,1.1834,169,0.0
conv_ai_ai_detective_gpt54mini_claudesonnet4_D1_1775412587,ai_ai_detective,13,0.0,51,0.019
conv_ai_ai_detective_gpt54mini_claudesonnet4_D1_1775412587,ai_ai_detective,14,2.7933,179,0.0029
conv_ai_ai_detective_gpt54mini_claudesonnet4_D1_1775412587,ai_ai_detective,15,0.0,45,0.0222
conv_ai_ai_detective_gpt54mini_claudesonnet4_D1_1775412587,ai_ai_detective,16,1.1696,171,0.0178
conv_ai_ai_detective_gpt54mini_claudesonnet4_D1_1775412587,ai_ai_detective,17,0.0,71,0.0275
conv_ai_ai_detective_gpt54mini_claudesonnet4_D1_1775412587,ai_ai_detective,18,1.2579,159,0.0031
conv_ai_ai_detective_gpt54mini_claudesonnet4_D1_1775412587,ai_ai_detective,19,0.0,48,0.0177
conv_ai_ai_detective_gpt54mini_claudesonnet4_D1_1775412587,ai_ai_detective,20,3.3708,178,0.006
conv_ai_ai_detective_gpt54mini_claudesonnet4_D1_1775413294,ai_ai_detective,2,1.0,100,0.0
conv_ai_ai_detective_gpt54mini_claudesonnet4_D1_1775413294,ai_ai_detective,3,0.0,122,0.0
conv_ai_ai_detective_gpt54mini_claudesonnet4_D1_1775413294,ai_ai_detective,4,0.8163,245,0.0
conv_ai_ai_detective_gpt54mini_claudesonnet4_D1_1775413294,ai_ai_detective,5,0.0,87,0.0
conv_ai_ai_detective_gpt54mini_claudesonnet4_D1_1775413294,ai_ai_detective,6,1.5789,190,0.0047
conv_ai_ai_detective_gpt54mini_claudesonnet4_D1_1775413294,ai_ai_detective,7,0.0,133,0.0141
conv_ai_ai_detective_gpt54mini_claudesonnet4_D1_1775413294,ai_ai_detective,8,1.0811,185,0.0307
conv_ai_ai_detective_gpt54mini_claudesonnet4_D1_1775413294,ai_ai_detective,9,0.6173,162,0.0211
conv_ai_ai_detective_gpt54mini_claudesonnet4_D1_1775413294,ai_ai_detective,10,1.6304,184,0.0
conv_ai_ai_detective_gpt54mini_claudesonnet4_D1_1775413294,ai_ai_detective,11,0.0,85,0.0125
conv_ai_ai_detective_gpt54mini_claudesonnet4_D1_1775413294,ai_ai_detective,12,3.4483,87,0.0038
conv_ai_ai_detective_gpt54mini_claudesonnet4_D1_1775413294,ai_ai_detective,13,2.0,50,0.0234
conv_ai_ai_detective_gpt54mini_claudesonnet4_D1_1775413294,ai_ai_detective,14,1.5873,63,0.0069
conv_ai_ai_detective_gpt54mini_claudesonnet4_D1_1775413294,ai_ai_detective,15,0.0,28,0.0571
conv_ai_ai_detective_gpt54mini_claudesonnet4_D1_1775413294,ai_ai_detective,16,1.8182,55,0.0
conv_ai_ai_detective_gpt54mini_claudesonnet4_D1_1775413294,ai_ai_detective,17,0.0,27,0.0851
conv_ai_ai_detective_gpt54mini_claudesonnet4_D1_1775413294,ai_ai_detective,18,1.4286,70,0.0083
conv_ai_ai_detective_gpt54mini_claudesonnet4_D1_1775413294,ai_ai_detective,19,0.0,25,0.0909
conv_ai_ai_detective_gpt54mini_claudesonnet4_D1_1775413294,ai_ai_detective,20,1.7241,58,0.0
conv_ai_ai_detective_gpt54mini_claudesonnet4_D4_1775413179,ai_ai_detective,2,3.2,125,0.0
conv_ai_ai_detective_gpt54mini_claudesonnet4_D4_1775413179,ai_ai_detective,3,0.7519,133,0.0
conv_ai_ai_detective_gpt54mini_claudesonnet4_D4_1775413179,ai_ai_detective,4,1.5625,192,0.0064
conv_ai_ai_detective_gpt54mini_claudesonnet4_D4_1775413179,ai_ai_detective,5,0.0,84,0.029
conv_ai_ai_detective_gpt54mini_claudesonnet4_D4_1775413179,ai_ai_detective,6,0.0,142,0.0
conv_ai_ai_detective_gpt54mini_claudesonnet4_D4_1775413179,ai_ai_detective,7,0.8065,124,0.0
conv_ai_ai_detective_gpt54mini_claudesonnet4_D4_1775413179,ai_ai_detective,8,3.0303,198,0.003
conv_ai_ai_detective_gpt54mini_claudesonnet4_D4_1775413179,ai_ai_detective,9,1.0989,182,0.0033
conv_ai_ai_detective_gpt54mini_claudesonnet4_D4_1775413179,ai_ai_detective,10,2.2936,218,0.0099
conv_ai_ai_detective_gpt54mini_claudesonnet4_D4_1775413179,ai_ai_detective,11,0.7246,138,0.0032
conv_ai_ai_detective_gpt54mini_claudesonnet4_D4_1775413179,ai_ai_detective,12,0.9569,209,0.0048
conv_ai_ai_detective_gpt54mini_claudesonnet4_D4_1775413179,ai_ai_detective,13,0.0,194,0.0031
conv_ai_ai_detective_gpt54mini_claudesonnet4_D4_1775413179,ai_ai_detective,14,0.9569,209,0.0073
conv_ai_ai_detective_gpt54mini_claudesonnet4_D4_1775413179,ai_ai_detective,15,0.0,76,0.0271
conv_ai_ai_detective_gpt54mini_claudesonnet4_D4_1775413179,ai_ai_detective,16,0.6993,143,0.0265
conv_ai_ai_detective_gpt54mini_claudesonnet4_D4_1775413179,ai_ai_detective,17,0.0,59,0.0236
conv_ai_ai_detective_gpt54mini_claudesonnet4_D4_1775413179,ai_ai_detective,18,0.0,78,0.0383
conv_ai_ai_detective_gpt54mini_claudesonnet4_D4_1775413179,ai_ai_detective,19,0.0,47,0.0303
conv_ai_ai_detective_gpt54mini_claudesonnet4_D4_1775413179,ai_ai_detective,20,0.0,63,0.0074
conv_ai_ai_detective_gpt54mini_claudesonnet4_D5_1775412134,ai_ai_detective,2,1.2195,82,0.0
conv_ai_ai_detective_gpt54mini_claudesonnet4_D5_1775412134,ai_ai_detective,3,2.0833,48,0.0
conv_ai_ai_detective_gpt54mini_claudesonnet4_D5_1775412134,ai_ai_detective,4,1.1364,176,0.0
conv_ai_ai_detective_gpt54mini_claudesonnet4_D5_1775412134,ai_ai_detective,5,0.0,67,0.0092
conv_ai_ai_detective_gpt54mini_claudesonnet4_D5_1775412134,ai_ai_detective,6,1.3825,217,0.0104
conv_ai_ai_detective_gpt54mini_claudesonnet4_D5_1775412134,ai_ai_detective,7,0.0,51,0.0
conv_ai_ai_detective_gpt54mini_claudesonnet4_D5_1775412134,ai_ai_detective,8,3.0303,231,0.0046
conv_ai_ai_detective_gpt54mini_claudesonnet4_D5_1775412134,ai_ai_detective,9,0.0,18,0.0
conv_ai_ai_detective_gpt54mini_claudesonnet4_D5_1775412134,ai_ai_detective,10,0.905,221,0.0045
conv_ai_ai_detective_gpt54mini_claudesonnet4_D5_1775412134,ai_ai_detective,11,0.0,26,0.0
conv_ai_ai_detective_gpt54mini_claudesonnet4_D5_1775412134,ai_ai_detective,12,2.1459,233,0.0045
conv_ai_ai_detective_gpt54mini_claudesonnet4_D5_1775412134,ai_ai_detective,13,0.0,29,0.0
conv_ai_ai_detective_gpt54mini_claudesonnet4_D5_1775412134,ai_ai_detective,14,3.1818,220,0.0091
conv_ai_ai_detective_gpt54mini_claudesonnet4_D5_1775412134,ai_ai_detective,15,3.125,32,0.0
conv_ai_ai_detective_gpt54mini_claudesonnet4_D5_1775412134,ai_ai_detective,16,1.7621,227,0.0046
conv_ai_ai_detective_gpt54mini_claudesonnet4_D5_1775412134,ai_ai_detective,17,0.0,17,0.0
conv_ai_ai_detective_gpt54mini_claudesonnet4_D5_1775412134,ai_ai_detective,18,0.4505,222,0.0023
conv_ai_ai_detective_gpt54mini_claudesonnet4_D5_1775412134,ai_ai_detective,19,0.0,29,0.0
conv_ai_ai_detective_gpt54mini_claudesonnet4_D5_1775412134,ai_ai_detective,20,0.4367,229,0.0023
conv_ai_ai_detective_gpt54mini_claudesonnet4_D5_1775413093,ai_ai_detective,2,2.6316,152,0.0
conv_ai_ai_detective_gpt54mini_claudesonnet4_D5_1775413093,ai_ai_detective,3,1.1364,88,0.0
conv_ai_ai_detective_gpt54mini_claudesonnet4_D5_1775413093,ai_ai_detective,4,2.6846,149,0.0068
conv_ai_ai_detective_gpt54mini_claudesonnet4_D5_1775413093,ai_ai_detective,5,0.0,94,0.0
conv_ai_ai_detective_gpt54mini_claudesonnet4_D5_1775413093,ai_ai_detective,6,4.5113,133,0.0338
conv_ai_ai_detective_gpt54mini_claudesonnet4_D5_1775413093,ai_ai_detective,7,0.0,97,0.0809
conv_ai_ai_detective_gpt54mini_claudesonnet4_D5_1775413093,ai_ai_detective,8,0.0,154,0.0182
conv_ai_ai_detective_gpt54mini_claudesonnet4_D5_1775413093,ai_ai_detective,9,0.0,99,0.0267
conv_ai_ai_detective_gpt54mini_claudesonnet4_D5_1775413093,ai_ai_detective,10,2.5316,158,0.0
conv_ai_ai_detective_gpt54mini_claudesonnet4_D5_1775413093,ai_ai_detective,11,0.0,32,0.0242
conv_ai_ai_detective_gpt54mini_claudesonnet4_D5_1775413093,ai_ai_detective,12,0.0,115,0.0
conv_ai_ai_detective_gpt54mini_claudesonnet4_D5_1775413093,ai_ai_detective,13,0.0,33,0.0339
conv_ai_ai_detective_gpt54mini_claudesonnet4_D5_1775413093,ai_ai_detective,14,0.0,80,0.0106
conv_ai_ai_detective_gpt54mini_claudesonnet4_D5_1775413093,ai_ai_detective,15,0.0,29,0.0357
conv_ai_ai_detective_gpt54mini_claudesonnet4_D5_1775413093,ai_ai_detective,16,1.2048,83,0.0063
conv_ai_ai_detective_gpt54mini_claudesonnet4_D5_1775413093,ai_ai_detective,17,0.0,26,0.0408
conv_ai_ai_detective_gpt54mini_claudesonnet4_D5_1775413093,ai_ai_detective,18,1.1236,89,0.012
conv_ai_ai_detective_gpt54mini_claudesonnet4_D5_1775413093,ai_ai_detective,19,0.0,24,0.0698
conv_ai_ai_detective_gpt54mini_claudesonnet4_D5_1775413093,ai_ai_detective,20,1.4085,71,0.013
conv_ai_ai_detective_gpt54mini_llama4scout_D1_1775413385,ai_ai_detective,2,0.0,64,0.0
conv_ai_ai_detective_gpt54mini_llama4scout_D1_1775413385,ai_ai_detective,3,2.7027,74,0.0
conv_ai_ai_detective_gpt54mini_llama4scout_D1_1775413385,ai_ai_detective,4,1.1173,179,0.0087
conv_ai_ai_detective_gpt54mini_llama4scout_D1_1775413385,ai_ai_detective,5,0.0,25,0.0215
conv_ai_ai_detective_gpt54mini_llama4scout_D1_1775413385,ai_ai_detective,6,1.1364,88,0.0581
conv_ai_ai_detective_gpt54mini_llama4scout_D1_1775413385,ai_ai_detective,7,0.0,27,0.0667
conv_ai_ai_detective_gpt54mini_llama4scout_D1_1775413385,ai_ai_detective,8,0.0,90,0.0943
conv_ai_ai_detective_gpt54mini_llama4scout_D1_1775413385,ai_ai_detective,9,0.0,25,0.1163
conv_ai_ai_detective_gpt54mini_llama4scout_D1_1775413385,ai_ai_detective,10,2.0833,96,0.0169
conv_ai_ai_detective_gpt54mini_llama4scout_D1_1775413385,ai_ai_detective,11,0.0,26,0.2051
conv_ai_ai_detective_gpt54mini_llama4scout_D1_1775413385,ai_ai_detective,12,1.1364,88,0.0788
conv_ai_ai_detective_gpt54mini_llama4scout_D1_1775413385,ai_ai_detective,13,0.0,21,0.303
conv_ai_ai_detective_gpt54mini_llama4scout_D1_1775413385,ai_ai_detective,14,0.0,68,0.0857
conv_ai_ai_detective_gpt54mini_llama4scout_D1_1775413385,ai_ai_detective,15,0.0,26,0.1026
conv_ai_ai_detective_gpt54mini_llama4scout_D1_1775413385,ai_ai_detective,16,0.0,72,0.1333
conv_ai_ai_detective_gpt54mini_llama4scout_D1_1775413385,ai_ai_detective,17,0.0,23,0.125
conv_ai_ai_detective_gpt54mini_llama4scout_D1_1775413385,ai_ai_detective,18,1.2658,79,0.152
conv_ai_ai_detective_gpt54mini_llama4scout_D1_1775413385,ai_ai_detective,19,0.0,20,0.4444
conv_ai_ai_detective_gpt54mini_llama4scout_D1_1775413385,ai_ai_detective,20,0.0,72,0.2308
conv_ai_ai_detective_gpt54mini_llama4scout_D4_1775413417,ai_ai_detective,2,3.1579,95,0.0
conv_ai_ai_detective_gpt54mini_llama4scout_D4_1775413417,ai_ai_detective,3,1.4286,140,0.0
conv_ai_ai_detective_gpt54mini_llama4scout_D4_1775413417,ai_ai_detective,4,1.4925,201,0.0106
conv_ai_ai_detective_gpt54mini_llama4scout_D4_1775413417,ai_ai_detective,5,0.9709,103,0.0214
conv_ai_ai_detective_gpt54mini_llama4scout_D4_1775413417,ai_ai_detective,6,4.2857,140,0.003
conv_ai_ai_detective_gpt54mini_llama4scout_D4_1775413417,ai_ai_detective,7,0.0,75,0.0175
conv_ai_ai_detective_gpt54mini_llama4scout_D4_1775413417,ai_ai_detective,8,0.0,122,0.0078
conv_ai_ai_detective_gpt54mini_llama4scout_D4_1775413417,ai_ai_detective,9,0.0,46,0.0263
conv_ai_ai_detective_gpt54mini_llama4scout_D4_1775413417,ai_ai_detective,10,0.0,94,0.1337
conv_ai_ai_detective_gpt54mini_llama4scout_D4_1775413417,ai_ai_detective,11,0.0,54,0.0323
conv_ai_ai_detective_gpt54mini_llama4scout_D4_1775413417,ai_ai_detective,12,0.0,102,0.2152
conv_ai_ai_detective_gpt54mini_llama4scout_D4_1775413417,ai_ai_detective,13,0.0,49,0.0426
conv_ai_ai_detective_gpt54mini_llama4scout_D4_1775413417,ai_ai_detective,14,0.0,105,0.1716
conv_ai_ai_detective_gpt54mini_llama4scout_D4_1775413417,ai_ai_detective,15,0.0,50,0.093
conv_ai_ai_detective_gpt54mini_llama4scout_D4_1775413417,ai_ai_detective,16,0.0,86,0.1166
conv_ai_ai_detective_gpt54mini_llama4scout_D4_1775413417,ai_ai_detective,17,0.0,35,0.0658
conv_ai_ai_detective_gpt54mini_llama4scout_D4_1775413417,ai_ai_detective,18,0.0,90,0.1169
conv_ai_ai_detective_gpt54mini_llama4scout_D4_1775413417,ai_ai_detective,19,0.0,23,0.0588
conv_ai_ai_detective_gpt54mini_llama4scout_D4_1775413417,ai_ai_detective,20,0.0,101,0.2721
conv_ai_ai_detective_gpt54mini_llama4scout_D5_1775413454,ai_ai_detective,2,0.6369,157,0.0
conv_ai_ai_detective_gpt54mini_llama4scout_D5_1775413454,ai_ai_detective,3,0.0,54,0.0
conv_ai_ai_detective_gpt54mini_llama4scout_D5_1775413454,ai_ai_detective,4,0.9434,106,0.0039
conv_ai_ai_detective_gpt54mini_llama4scout_D5_1775413454,ai_ai_detective,5,0.0,33,0.0641
conv_ai_ai_detective_gpt54mini_llama4scout_D5_1775413454,ai_ai_detective,6,1.0753,93,0.0263
conv_ai_ai_detective_gpt54mini_llama4scout_D5_1775413454,ai_ai_detective,7,0.0,35,0.0667
conv_ai_ai_detective_gpt54mini_llama4scout_D5_1775413454,ai_ai_detective,8,1.4184,141,0.0407
conv_ai_ai_detective_gpt54mini_llama4scout_D5_1775413454,ai_ai_detective,9,0.0,39,0.0606
conv_ai_ai_detective_gpt54mini_llama4scout_D5_1775413454,ai_ai_detective,10,0.641,156,0.0356
conv_ai_ai_detective_gpt54mini_llama4scout_D5_1775413454,ai_ai_detective,11,0.0,33,0.1148
conv_ai_ai_detective_gpt54mini_llama4scout_D5_1775413454,ai_ai_detective,12,0.7812,128,0.0695
conv_ai_ai_detective_gpt54mini_llama4scout_D5_1775413454,ai_ai_detective,13,0.0,36,0.1017
conv_ai_ai_detective_gpt54mini_llama4scout_D5_1775413454,ai_ai_detective,14,0.7092,141,0.0932
conv_ai_ai_detective_gpt54mini_llama4scout_D5_1775413454,ai_ai_detective,15,0.0,33,0.1207
conv_ai_ai_detective_gpt54mini_llama4scout_D5_1775413454,ai_ai_detective,16,0.0,123,0.377
conv_ai_ai_detective_gpt54mini_llama4scout_D5_1775413454,ai_ai_detective,17,0.0,31,0.25
conv_ai_ai_detective_gpt54mini_llama4scout_D5_1775413454,ai_ai_detective,18,0.0,120,0.2487
conv_ai_ai_detective_gpt54mini_llama4scout_D5_1775413454,ai_ai_detective,19,0.0,34,0.4878
conv_ai_ai_detective_gpt54mini_llama4scout_D5_1775413454,ai_ai_detective,20,0.0,125,0.4783
conv_ai_ai_detective_grok41fast_claudesonnet4_D3_1775425709,ai_ai_detective,2,0.0,69,0.0
conv_ai_ai_detective_grok41fast_claudesonnet4_D3_1775425709,ai_ai_detective,3,0.0,62,0.0
conv_ai_ai_detective_grok41fast_claudesonnet4_D3_1775425709,ai_ai_detective,4,1.227,163,0.0044
conv_ai_ai_detective_grok41fast_claudesonnet4_D3_1775425709,ai_ai_detective,5,0.6452,155,0.0
conv_ai_ai_detective_grok41fast_claudesonnet4_D3_1775425709,ai_ai_detective,6,0.0,163,0.0063
conv_ai_ai_detective_grok41fast_claudesonnet4_D3_1775425709,ai_ai_detective,7,1.25,80,0.0043
conv_ai_ai_detective_grok41fast_claudesonnet4_D3_1775425709,ai_ai_detective,8,0.6849,146,0.0066
conv_ai_ai_detective_grok41fast_claudesonnet4_D3_1775425709,ai_ai_detective,9,0.0,41,0.0
conv_ai_ai_detective_grok41fast_claudesonnet4_D3_1775425709,ai_ai_detective,10,0.0,166,0.0098
conv_ai_ai_detective_grok41fast_claudesonnet4_D3_1775425709,ai_ai_detective,11,0.0,114,0.0
conv_ai_ai_detective_grok41fast_claudesonnet4_D3_1775425709,ai_ai_detective,12,1.1173,179,0.0029
conv_ai_ai_detective_grok41fast_claudesonnet4_D3_1775425709,ai_ai_detective,13,0.0,139,0.0
conv_ai_ai_detective_grok41fast_claudesonnet4_D3_1775425709,ai_ai_detective,14,1.005,199,0.0054
conv_ai_ai_detective_grok41fast_claudesonnet4_D3_1775425709,ai_ai_detective,15,0.0,96,0.0
conv_ai_ai_detective_grok41fast_claudesonnet4_D3_1775425709,ai_ai_detective,16,1.0471,191,0.0079
conv_ai_ai_detective_grok41fast_claudesonnet4_D3_1775425709,ai_ai_detective,17,0.0,92,0.0
conv_ai_ai_detective_grok41fast_claudesonnet4_D3_1775425709,ai_ai_detective,18,2.551,196,0.0
conv_ai_ai_detective_grok41fast_claudesonnet4_D3_1775425709,ai_ai_detective,19,0.0,99,0.0
conv_ai_ai_detective_grok41fast_claudesonnet4_D3_1775425709,ai_ai_detective,20,0.5464,183,0.0
conv_ai_ai_detective_grok41fast_claudesonnet4_D4_1775425966,ai_ai_detective,2,3.3708,89,0.0
conv_ai_ai_detective_grok41fast_claudesonnet4_D4_1775425966,ai_ai_detective,3,0.0,112,0.0
conv_ai_ai_detective_grok41fast_claudesonnet4_D4_1775425966,ai_ai_detective,4,0.565,177,0.0195
conv_ai_ai_detective_grok41fast_claudesonnet4_D4_1775425966,ai_ai_detective,5,0.0,83,0.0
conv_ai_ai_detective_grok41fast_claudesonnet4_D4_1775425966,ai_ai_detective,6,2.4793,121,0.0034
conv_ai_ai_detective_grok41fast_claudesonnet4_D4_1775425966,ai_ai_detective,7,0.0,109,0.0162
conv_ai_ai_detective_grok41fast_claudesonnet4_D4_1775425966,ai_ai_detective,8,0.5814,172,0.0
conv_ai_ai_detective_grok41fast_claudesonnet4_D4_1775425966,ai_ai_detective,9,0.0,143,0.0206
conv_ai_ai_detective_grok41fast_claudesonnet4_D4_1775425966,ai_ai_detective,10,1.3889,216,0.0026
conv_ai_ai_detective_grok41fast_claudesonnet4_D4_1775425966,ai_ai_detective,11,0.6289,159,0.0034
conv_ai_ai_detective_grok41fast_claudesonnet4_D4_1775425966,ai_ai_detective,12,2.8037,214,0.0048
conv_ai_ai_detective_grok41fast_claudesonnet4_D4_1775425966,ai_ai_detective,13,0.5587,179,0.003
conv_ai_ai_detective_grok41fast_claudesonnet4_D4_1775425966,ai_ai_detective,14,1.7699,226,0.0093
conv_ai_ai_detective_grok41fast_claudesonnet4_D4_1775425966,ai_ai_detective,15,0.0,125,0.0033
conv_ai_ai_detective_grok41fast_claudesonnet4_D4_1775425966,ai_ai_detective,16,1.4423,208,0.0214
conv_ai_ai_detective_grok41fast_claudesonnet4_D4_1775425966,ai_ai_detective,17,0.0,118,0.0042
conv_ai_ai_detective_grok41fast_claudesonnet4_D4_1775425966,ai_ai_detective,18,2.1739,230,0.0047
conv_ai_ai_detective_grok41fast_claudesonnet4_D4_1775425966,ai_ai_detective,19,0.0,174,0.0035
conv_ai_ai_detective_grok41fast_claudesonnet4_D4_1775425966,ai_ai_detective,20,1.3216,227,0.0114
conv_ai_ai_detective_grok41fast_claudesonnet4_D5_1775425836,ai_ai_detective,2,1.9608,102,0.0
conv_ai_ai_detective_grok41fast_claudesonnet4_D5_1775425836,ai_ai_detective,3,0.0,106,0.0
conv_ai_ai_detective_grok41fast_claudesonnet4_D5_1775425836,ai_ai_detective,4,1.0811,185,0.0
conv_ai_ai_detective_grok41fast_claudesonnet4_D5_1775425836,ai_ai_detective,5,0.0,141,0.0
conv_ai_ai_detective_grok41fast_claudesonnet4_D5_1775425836,ai_ai_detective,6,0.0,171,0.0029
conv_ai_ai_detective_grok41fast_claudesonnet4_D5_1775425836,ai_ai_detective,7,0.0,128,0.0076
conv_ai_ai_detective_grok41fast_claudesonnet4_D5_1775425836,ai_ai_detective,8,4.8544,206,0.0
conv_ai_ai_detective_grok41fast_claudesonnet4_D5_1775425836,ai_ai_detective,9,0.0,124,0.004
conv_ai_ai_detective_grok41fast_claudesonnet4_D5_1775425836,ai_ai_detective,10,0.0,173,0.0081
conv_ai_ai_detective_grok41fast_claudesonnet4_D5_1775425836,ai_ai_detective,11,0.6329,158,0.0036
conv_ai_ai_detective_grok41fast_claudesonnet4_D5_1775425836,ai_ai_detective,12,0.9524,210,0.0
conv_ai_ai_detective_grok41fast_claudesonnet4_D5_1775425836,ai_ai_detective,13,1.7857,112,0.0038
conv_ai_ai_detective_grok41fast_claudesonnet4_D5_1775425836,ai_ai_detective,14,1.4493,138,0.0029
conv_ai_ai_detective_grok41fast_claudesonnet4_D5_1775425836,ai_ai_detective,15,0.0,78,0.0054
conv_ai_ai_detective_grok41fast_claudesonnet4_D5_1775425836,ai_ai_detective,16,0.7576,132,0.0114
conv_ai_ai_detective_grok41fast_claudesonnet4_D5_1775425836,ai_ai_detective,17,0.0,63,0.0148
conv_ai_ai_detective_grok41fast_claudesonnet4_D5_1775425836,ai_ai_detective,18,2.5641,117,0.0
conv_ai_ai_detective_grok41fast_claudesonnet4_D5_1775425836,ai_ai_detective,19,0.0,71,0.0078
conv_ai_ai_detective_grok41fast_claudesonnet4_D5_1775425836,ai_ai_detective,20,1.6529,121,0.0174
conv_ai_ai_freeform_claudesonnet4_gemini25flash_F1_1775427182,ai_ai_freeform,2,0.0,17,0.0
conv_ai_ai_freeform_claudesonnet4_gemini25flash_F1_1775427182,ai_ai_freeform,3,0.0,65,0.0
conv_ai_ai_freeform_claudesonnet4_gemini25flash_F1_1775427182,ai_ai_freeform,4,1.6949,118,0.0
conv_ai_ai_freeform_claudesonnet4_gemini25flash_F1_1775427182,ai_ai_freeform,5,0.8772,114,0.0
conv_ai_ai_freeform_claudesonnet4_gemini25flash_F1_1775427182,ai_ai_freeform,6,1.5038,133,0.0165
conv_ai_ai_freeform_claudesonnet4_gemini25flash_F1_1775427182,ai_ai_freeform,7,2.454,163,0.0
conv_ai_ai_freeform_claudesonnet4_gemini25flash_F1_1775427182,ai_ai_freeform,8,1.4493,207,0.0121
conv_ai_ai_freeform_claudesonnet4_gemini25flash_F1_1775427182,ai_ai_freeform,9,0.5618,178,0.009
conv_ai_ai_freeform_claudesonnet4_gemini25flash_F1_1775427182,ai_ai_freeform,10,0.6897,145,0.0029
conv_ai_ai_freeform_claudesonnet4_gemini25flash_F1_1775427182,ai_ai_freeform,11,0.9434,106,0.0072
conv_ai_ai_freeform_claudesonnet4_gemini25flash_F1_1775427182,ai_ai_freeform,12,0.0,92,0.0175
conv_ai_ai_freeform_claudesonnet4_gemini25flash_F1_1775427182,ai_ai_freeform,13,0.0,28,0.0078
conv_ai_ai_freeform_claudesonnet4_gemini25flash_F1_1775427182,ai_ai_freeform,14,0.0,36,0.0164
conv_ai_ai_freeform_claudesonnet4_gemini25flash_F1_1775427182,ai_ai_freeform,15,0.0,19,0.0
conv_ai_ai_freeform_claudesonnet4_gemini25flash_F1_1775427182,ai_ai_freeform,16,0.0,26,0.0
conv_ai_ai_freeform_claudesonnet4_gemini25flash_F1_1775427182,ai_ai_freeform,17,0.0,8,0.0
conv_ai_ai_freeform_claudesonnet4_gemini25flash_F1_1775427182,ai_ai_freeform,18,0.0,5,0.0
conv_ai_ai_freeform_claudesonnet4_gemini25flash_F1_1775427182,ai_ai_freeform,19,0.0,0,0.0
conv_ai_ai_freeform_claudesonnet4_gemini25flash_F1_1775427182,ai_ai_freeform,20,0.0,0,0.0
conv_ai_ai_freeform_claudesonnet4_gemini25flash_F2_1775427411,ai_ai_freeform,2,2.0408,49,0.0
conv_ai_ai_freeform_claudesonnet4_gemini25flash_F2_1775427411,ai_ai_freeform,3,5.7143,70,0.0
conv_ai_ai_freeform_claudesonnet4_gemini25flash_F2_1775427411,ai_ai_freeform,4,1.2195,164,0.0
conv_ai_ai_freeform_claudesonnet4_gemini25flash_F2_1775427411,ai_ai_freeform,5,1.0695,187,0.0
conv_ai_ai_freeform_claudesonnet4_gemini25flash_F2_1775427411,ai_ai_freeform,6,1.1407,263,0.0048
conv_ai_ai_freeform_claudesonnet4_gemini25flash_F2_1775427411,ai_ai_freeform,7,0.0,244,0.0047
conv_ai_ai_freeform_claudesonnet4_gemini25flash_F2_1775427411,ai_ai_freeform,8,0.3012,332,0.012
conv_ai_ai_freeform_claudesonnet4_gemini25flash_F2_1775427411,ai_ai_freeform,9,0.7843,255,0.0123
conv_ai_ai_freeform_claudesonnet4_gemini25flash_F2_1775427411,ai_ai_freeform,10,0.3367,297,0.0081
conv_ai_ai_freeform_claudesonnet4_gemini25flash_F2_1775427411,ai_ai_freeform,11,2.2989,261,0.0221
conv_ai_ai_freeform_claudesonnet4_gemini25flash_F2_1775427411,ai_ai_freeform,12,0.7576,264,0.0072
conv_ai_ai_freeform_claudesonnet4_gemini25flash_F2_1775427411,ai_ai_freeform,13,0.8658,231,0.0062
conv_ai_ai_freeform_claudesonnet4_gemini25flash_F2_1775427411,ai_ai_freeform,14,0.59,339,0.0034
conv_ai_ai_freeform_claudesonnet4_gemini25flash_F2_1775427411,ai_ai_freeform,15,0.8065,248,0.0042
conv_ai_ai_freeform_claudesonnet4_gemini25flash_F2_1775427411,ai_ai_freeform,16,1.1029,272,0.0033
conv_ai_ai_freeform_claudesonnet4_gemini25flash_F2_1775427411,ai_ai_freeform,17,1.1538,260,0.01
conv_ai_ai_freeform_claudesonnet4_gemini25flash_F2_1775427411,ai_ai_freeform,18,2.1212,330,0.0034
conv_ai_ai_freeform_claudesonnet4_gemini25flash_F2_1775427411,ai_ai_freeform,19,1.7921,279,0.0152
conv_ai_ai_freeform_claudesonnet4_gemini25flash_F2_1775427411,ai_ai_freeform,20,0.8798,341,0.0061
conv_ai_ai_freeform_claudesonnet4_gemini25flash_F3_1775427255,ai_ai_freeform,2,0.0,104,0.0
conv_ai_ai_freeform_claudesonnet4_gemini25flash_F3_1775427255,ai_ai_freeform,3,0.5051,198,0.0
conv_ai_ai_freeform_claudesonnet4_gemini25flash_F3_1775427255,ai_ai_freeform,4,0.0,313,0.0073
conv_ai_ai_freeform_claudesonnet4_gemini25flash_F3_1775427255,ai_ai_freeform,5,1.8519,270,0.0065
conv_ai_ai_freeform_claudesonnet4_gemini25flash_F3_1775427255,ai_ai_freeform,6,0.3236,309,0.0
conv_ai_ai_freeform_claudesonnet4_gemini25flash_F3_1775427255,ai_ai_freeform,7,1.1321,265,0.0095
conv_ai_ai_freeform_claudesonnet4_gemini25flash_F3_1775427255,ai_ai_freeform,8,0.0,384,0.0132
conv_ai_ai_freeform_claudesonnet4_gemini25flash_F3_1775427255,ai_ai_freeform,9,1.7668,283,0.0056
conv_ai_ai_freeform_claudesonnet4_gemini25flash_F3_1775427255,ai_ai_freeform,10,0.0,414,0.0193
conv_ai_ai_freeform_claudesonnet4_gemini25flash_F3_1775427255,ai_ai_freeform,11,2.1429,280,0.0054
conv_ai_ai_freeform_claudesonnet4_gemini25flash_F3_1775427255,ai_ai_freeform,12,0.3584,279,0.0147
conv_ai_ai_freeform_claudesonnet4_gemini25flash_F3_1775427255,ai_ai_freeform,13,0.4,250,0.0135
conv_ai_ai_freeform_claudesonnet4_gemini25flash_F3_1775427255,ai_ai_freeform,14,0.3759,266,0.0075
conv_ai_ai_freeform_claudesonnet4_gemini25flash_F3_1775427255,ai_ai_freeform,15,0.4484,223,0.0086
conv_ai_ai_freeform_claudesonnet4_gemini25flash_F3_1775427255,ai_ai_freeform,16,0.0,253,0.0138
conv_ai_ai_freeform_claudesonnet4_gemini25flash_F3_1775427255,ai_ai_freeform,17,0.4608,217,0.0046
conv_ai_ai_freeform_claudesonnet4_gemini25flash_F3_1775427255,ai_ai_freeform,18,0.0,239,0.0188
conv_ai_ai_freeform_claudesonnet4_gemini25flash_F3_1775427255,ai_ai_freeform,19,0.0,220,0.0212
conv_ai_ai_freeform_claudesonnet4_gemini25flash_F3_1775427255,ai_ai_freeform,20,0.0,267,0.0121
conv_ai_ai_freeform_claudesonnet4_grok41fast_F1_1775427549,ai_ai_freeform,2,0.0,9,0.0
conv_ai_ai_freeform_claudesonnet4_grok41fast_F1_1775427549,ai_ai_freeform,3,1.6667,60,0.0
conv_ai_ai_freeform_claudesonnet4_grok41fast_F1_1775427549,ai_ai_freeform,4,0.0,44,0.0
conv_ai_ai_freeform_claudesonnet4_grok41fast_F1_1775427549,ai_ai_freeform,5,2.963,135,0.0053
conv_ai_ai_freeform_claudesonnet4_grok41fast_F1_1775427549,ai_ai_freeform,6,0.0,109,0.0
conv_ai_ai_freeform_claudesonnet4_grok41fast_F1_1775427549,ai_ai_freeform,7,1.0526,190,0.0
conv_ai_ai_freeform_claudesonnet4_grok41fast_F1_1775427549,ai_ai_freeform,8,0.8696,115,0.0
conv_ai_ai_freeform_claudesonnet4_grok41fast_F1_1775427549,ai_ai_freeform,9,0.5236,191,0.0
conv_ai_ai_freeform_claudesonnet4_grok41fast_F1_1775427549,ai_ai_freeform,10,0.0,145,0.0
conv_ai_ai_freeform_claudesonnet4_grok41fast_F1_1775427549,ai_ai_freeform,11,2.2624,221,0.0049
conv_ai_ai_freeform_claudesonnet4_grok41fast_F1_1775427549,ai_ai_freeform,12,0.0,161,0.0
conv_ai_ai_freeform_claudesonnet4_grok41fast_F1_1775427549,ai_ai_freeform,13,0.9524,210,0.0
conv_ai_ai_freeform_claudesonnet4_grok41fast_F1_1775427549,ai_ai_freeform,14,0.6452,155,0.0
conv_ai_ai_freeform_claudesonnet4_grok41fast_F1_1775427549,ai_ai_freeform,15,0.0,204,0.0074
conv_ai_ai_freeform_claudesonnet4_grok41fast_F1_1775427549,ai_ai_freeform,16,0.0,124,0.0
conv_ai_ai_freeform_claudesonnet4_grok41fast_F1_1775427549,ai_ai_freeform,17,0.5405,185,0.0
conv_ai_ai_freeform_claudesonnet4_grok41fast_F1_1775427549,ai_ai_freeform,18,0.0,132,0.0
conv_ai_ai_freeform_claudesonnet4_grok41fast_F1_1775427549,ai_ai_freeform,19,1.087,184,0.0027
conv_ai_ai_freeform_claudesonnet4_grok41fast_F1_1775427549,ai_ai_freeform,20,0.0,133,0.0
conv_ai_ai_freeform_claudesonnet4_grok41fast_F2_1775427686,ai_ai_freeform,2,0.0,30,0.0
conv_ai_ai_freeform_claudesonnet4_grok41fast_F2_1775427686,ai_ai_freeform,3,1.7241,116,0.0
conv_ai_ai_freeform_claudesonnet4_grok41fast_F2_1775427686,ai_ai_freeform,4,0.0,139,0.0
conv_ai_ai_freeform_claudesonnet4_grok41fast_F2_1775427686,ai_ai_freeform,5,2.1164,189,0.0067
conv_ai_ai_freeform_claudesonnet4_grok41fast_F2_1775427686,ai_ai_freeform,6,0.4854,206,0.0
conv_ai_ai_freeform_claudesonnet4_grok41fast_F2_1775427686,ai_ai_freeform,7,0.4484,223,0.0099
conv_ai_ai_freeform_claudesonnet4_grok41fast_F2_1775427686,ai_ai_freeform,8,0.5291,189,0.0
conv_ai_ai_freeform_claudesonnet4_grok41fast_F2_1775427686,ai_ai_freeform,9,1.3333,225,0.0045
conv_ai_ai_freeform_claudesonnet4_grok41fast_F2_1775427686,ai_ai_freeform,10,0.0,185,0.0
conv_ai_ai_freeform_claudesonnet4_grok41fast_F2_1775427686,ai_ai_freeform,11,2.5974,231,0.0022
conv_ai_ai_freeform_claudesonnet4_grok41fast_F2_1775427686,ai_ai_freeform,12,0.0,189,0.0
conv_ai_ai_freeform_claudesonnet4_grok41fast_F2_1775427686,ai_ai_freeform,13,0.905,221,0.0
conv_ai_ai_freeform_claudesonnet4_grok41fast_F2_1775427686,ai_ai_freeform,14,0.0,143,0.0
conv_ai_ai_freeform_claudesonnet4_grok41fast_F2_1775427686,ai_ai_freeform,15,1.8182,220,0.0046
conv_ai_ai_freeform_claudesonnet4_grok41fast_F2_1775427686,ai_ai_freeform,16,0.0,143,0.0
conv_ai_ai_freeform_claudesonnet4_grok41fast_F2_1775427686,ai_ai_freeform,17,1.4423,208,0.0047
conv_ai_ai_freeform_claudesonnet4_grok41fast_F2_1775427686,ai_ai_freeform,18,0.0,141,0.0
conv_ai_ai_freeform_claudesonnet4_grok41fast_F2_1775427686,ai_ai_freeform,19,0.5236,191,0.0025
conv_ai_ai_freeform_claudesonnet4_grok41fast_F2_1775427686,ai_ai_freeform,20,0.0,123,0.0
conv_ai_ai_freeform_claudesonnet4_grok41fast_F5_1775427835,ai_ai_freeform,2,0.0,28,0.0
conv_ai_ai_freeform_claudesonnet4_grok41fast_F5_1775427835,ai_ai_freeform,3,0.0,129,0.0
conv_ai_ai_freeform_claudesonnet4_grok41fast_F5_1775427835,ai_ai_freeform,4,0.6667,150,0.0
conv_ai_ai_freeform_claudesonnet4_grok41fast_F5_1775427835,ai_ai_freeform,5,0.0,191,0.0
conv_ai_ai_freeform_claudesonnet4_grok41fast_F5_1775427835,ai_ai_freeform,6,0.0,171,0.0
conv_ai_ai_freeform_claudesonnet4_grok41fast_F5_1775427835,ai_ai_freeform,7,0.4695,213,0.0025
conv_ai_ai_freeform_claudesonnet4_grok41fast_F5_1775427835,ai_ai_freeform,8,0.0,172,0.0
conv_ai_ai_freeform_claudesonnet4_grok41fast_F5_1775427835,ai_ai_freeform,9,1.8692,214,0.0
conv_ai_ai_freeform_claudesonnet4_grok41fast_F5_1775427835,ai_ai_freeform,10,0.0,147,0.0
conv_ai_ai_freeform_claudesonnet4_grok41fast_F5_1775427835,ai_ai_freeform,11,0.9259,216,0.0119
conv_ai_ai_freeform_claudesonnet4_grok41fast_F5_1775427835,ai_ai_freeform,12,0.0,136,0.0
conv_ai_ai_freeform_claudesonnet4_grok41fast_F5_1775427835,ai_ai_freeform,13,0.4878,205,0.0
conv_ai_ai_freeform_claudesonnet4_grok41fast_F5_1775427835,ai_ai_freeform,14,0.0,215,0.0
conv_ai_ai_freeform_claudesonnet4_grok41fast_F5_1775427835,ai_ai_freeform,15,0.8772,228,0.0
conv_ai_ai_freeform_claudesonnet4_grok41fast_F5_1775427835,ai_ai_freeform,16,0.0,160,0.0027
conv_ai_ai_freeform_claudesonnet4_grok41fast_F5_1775427835,ai_ai_freeform,17,0.0,212,0.0
conv_ai_ai_freeform_claudesonnet4_grok41fast_F5_1775427835,ai_ai_freeform,18,0.0,111,0.0
conv_ai_ai_freeform_claudesonnet4_grok41fast_F5_1775427835,ai_ai_freeform,19,0.0,188,0.0
conv_ai_ai_freeform_claudesonnet4_grok41fast_F5_1775427835,ai_ai_freeform,20,0.0,77,0.0055
conv_ai_ai_freeform_gemini25flash_grok41fast_F1_1775428314,ai_ai_freeform,2,0.0,8,0.0
conv_ai_ai_freeform_gemini25flash_grok41fast_F1_1775428314,ai_ai_freeform,3,0.0,25,0.0
conv_ai_ai_freeform_gemini25flash_grok41fast_F1_1775428314,ai_ai_freeform,4,0.0,22,0.0
conv_ai_ai_freeform_gemini25flash_grok41fast_F1_1775428314,ai_ai_freeform,5,1.0753,93,0.0088
conv_ai_ai_freeform_gemini25flash_grok41fast_F1_1775428314,ai_ai_freeform,6,3.7037,54,0.0
conv_ai_ai_freeform_gemini25flash_grok41fast_F1_1775428314,ai_ai_freeform,7,1.4388,139,0.0088
conv_ai_ai_freeform_gemini25flash_grok41fast_F1_1775428314,ai_ai_freeform,8,0.0,63,0.0
conv_ai_ai_freeform_gemini25flash_grok41fast_F1_1775428314,ai_ai_freeform,9,1.1905,168,0.0066
conv_ai_ai_freeform_gemini25flash_grok41fast_F1_1775428314,ai_ai_freeform,10,0.0,62,0.0
conv_ai_ai_freeform_gemini25flash_grok41fast_F1_1775428314,ai_ai_freeform,11,0.0,205,0.011
conv_ai_ai_freeform_gemini25flash_grok41fast_F1_1775428314,ai_ai_freeform,12,0.0,55,0.0
conv_ai_ai_freeform_gemini25flash_grok41fast_F1_1775428314,ai_ai_freeform,13,0.7463,268,0.0088
conv_ai_ai_freeform_gemini25flash_grok41fast_F1_1775428314,ai_ai_freeform,14,1.5625,64,0.0
conv_ai_ai_freeform_gemini25flash_grok41fast_F1_1775428314,ai_ai_freeform,15,0.0,278,0.0038
conv_ai_ai_freeform_gemini25flash_grok41fast_F1_1775428314,ai_ai_freeform,16,0.0,59,0.0
conv_ai_ai_freeform_gemini25flash_grok41fast_F1_1775428314,ai_ai_freeform,17,0.6757,296,0.0179
conv_ai_ai_freeform_gemini25flash_grok41fast_F1_1775428314,ai_ai_freeform,18,0.0,56,0.0
conv_ai_ai_freeform_gemini25flash_grok41fast_F1_1775428314,ai_ai_freeform,19,0.722,277,0.0125
conv_ai_ai_freeform_gemini25flash_grok41fast_F1_1775428314,ai_ai_freeform,20,0.0,47,0.0
conv_ai_ai_freeform_gemini25flash_grok41fast_F3_1775428210,ai_ai_freeform,2,0.0,56,0.0
conv_ai_ai_freeform_gemini25flash_grok41fast_F3_1775428210,ai_ai_freeform,3,0.7042,142,0.0
conv_ai_ai_freeform_gemini25flash_grok41fast_F3_1775428210,ai_ai_freeform,4,0.7407,135,0.0
conv_ai_ai_freeform_gemini25flash_grok41fast_F3_1775428210,ai_ai_freeform,5,0.3831,261,0.0025
conv_ai_ai_freeform_gemini25flash_grok41fast_F3_1775428210,ai_ai_freeform,6,0.0,188,0.0
conv_ai_ai_freeform_gemini25flash_grok41fast_F3_1775428210,ai_ai_freeform,7,0.0,302,0.0054
conv_ai_ai_freeform_gemini25flash_grok41fast_F3_1775428210,ai_ai_freeform,8,0.0,223,0.0
conv_ai_ai_freeform_gemini25flash_grok41fast_F3_1775428210,ai_ai_freeform,9,0.0,376,0.0045
conv_ai_ai_freeform_gemini25flash_grok41fast_F3_1775428210,ai_ai_freeform,10,0.0,244,0.0
conv_ai_ai_freeform_gemini25flash_grok41fast_F3_1775428210,ai_ai_freeform,11,0.0,407,0.0212
conv_ai_ai_freeform_gemini25flash_grok41fast_F3_1775428210,ai_ai_freeform,12,0.8,125,0.0
conv_ai_ai_freeform_gemini25flash_grok41fast_F3_1775428210,ai_ai_freeform,13,1.1173,179,0.0035
conv_ai_ai_freeform_gemini25flash_grok41fast_F3_1775428210,ai_ai_freeform,14,0.0,45,0.0
conv_ai_ai_freeform_gemini25flash_grok41fast_F3_1775428210,ai_ai_freeform,15,0.0,32,0.0099
conv_ai_ai_freeform_gemini25flash_grok41fast_F3_1775428210,ai_ai_freeform,16,0.0,7,0.0
conv_ai_ai_freeform_gemini25flash_grok41fast_F3_1775428210,ai_ai_freeform,17,0.0,5,0.0
conv_ai_ai_freeform_gemini25flash_grok41fast_F3_1775428210,ai_ai_freeform,18,0.0,1,0.0
conv_ai_ai_freeform_gemini25flash_grok41fast_F3_1775428210,ai_ai_freeform,19,0.0,2,0.0
conv_ai_ai_freeform_gemini25flash_grok41fast_F3_1775428210,ai_ai_freeform,20,0.0,0,0.0
conv_ai_ai_freeform_gemini25flash_grok41fast_F5_1775428397,ai_ai_freeform,2,0.0,31,0.0
conv_ai_ai_freeform_gemini25flash_grok41fast_F5_1775428397,ai_ai_freeform,3,2.1053,95,0.0
conv_ai_ai_freeform_gemini25flash_grok41fast_F5_1775428397,ai_ai_freeform,4,0.0,42,0.0
conv_ai_ai_freeform_gemini25flash_grok41fast_F5_1775428397,ai_ai_freeform,5,1.6393,122,0.0
conv_ai_ai_freeform_gemini25flash_grok41fast_F5_1775428397,ai_ai_freeform,6,0.0,73,0.0
conv_ai_ai_freeform_gemini25flash_grok41fast_F5_1775428397,ai_ai_freeform,7,2.7132,258,0.0027
conv_ai_ai_freeform_gemini25flash_grok41fast_F5_1775428397,ai_ai_freeform,8,0.0,122,0.0
conv_ai_ai_freeform_gemini25flash_grok41fast_F5_1775428397,ai_ai_freeform,9,0.489,409,0.0045
conv_ai_ai_freeform_gemini25flash_grok41fast_F5_1775428397,ai_ai_freeform,10,0.7752,129,0.0
conv_ai_ai_freeform_gemini25flash_grok41fast_F5_1775428397,ai_ai_freeform,11,2.1212,330,0.0069
conv_ai_ai_freeform_gemini25flash_grok41fast_F5_1775428397,ai_ai_freeform,12,0.8772,114,0.0042
conv_ai_ai_freeform_gemini25flash_grok41fast_F5_1775428397,ai_ai_freeform,13,0.9554,314,0.0047
conv_ai_ai_freeform_gemini25flash_grok41fast_F5_1775428397,ai_ai_freeform,14,0.0,111,0.0045
conv_ai_ai_freeform_gemini25flash_grok41fast_F5_1775428397,ai_ai_freeform,15,0.3205,312,0.0049
conv_ai_ai_freeform_gemini25flash_grok41fast_F5_1775428397,ai_ai_freeform,16,0.0,108,0.0047
conv_ai_ai_freeform_gemini25flash_grok41fast_F5_1775428397,ai_ai_freeform,17,1.1765,255,0.0036
conv_ai_ai_freeform_gemini25flash_grok41fast_F5_1775428397,ai_ai_freeform,18,0.0,122,0.0
conv_ai_ai_freeform_gemini25flash_grok41fast_F5_1775428397,ai_ai_freeform,19,0.6024,332,0.0052
conv_ai_ai_freeform_gemini25flash_grok41fast_F5_1775428397,ai_ai_freeform,20,0.0,121,0.0042
conv_ai_ai_freeform_gpt54_claudesonnet4_F1_1775424074,ai_ai_freeform,2,0.0,27,0.0
conv_ai_ai_freeform_gpt54_claudesonnet4_F1_1775424074,ai_ai_freeform,3,0.0,28,0.0
conv_ai_ai_freeform_gpt54_claudesonnet4_F1_1775424074,ai_ai_freeform,4,4.4944,89,0.009
conv_ai_ai_freeform_gpt54_claudesonnet4_F1_1775424074,ai_ai_freeform,5,3.8462,52,0.0
conv_ai_ai_freeform_gpt54_claudesonnet4_F1_1775424074,ai_ai_freeform,6,0.7634,131,0.0047
conv_ai_ai_freeform_gpt54_claudesonnet4_F1_1775424074,ai_ai_freeform,7,1.1321,265,0.0
conv_ai_ai_freeform_gpt54_claudesonnet4_F1_1775424074,ai_ai_freeform,8,1.7467,229,0.0028
conv_ai_ai_freeform_gpt54_claudesonnet4_F1_1775424074,ai_ai_freeform,9,0.8012,1373,0.0043
conv_ai_ai_freeform_gpt54_claudesonnet4_F1_1775424074,ai_ai_freeform,10,1.2658,395,0.0049
conv_ai_ai_freeform_gpt54_claudesonnet4_F1_1775424074,ai_ai_freeform,11,1.4728,1358,0.0071
conv_ai_ai_freeform_gpt54_claudesonnet4_F1_1775424074,ai_ai_freeform,12,0.8658,231,0.0016
conv_ai_ai_freeform_gpt54_claudesonnet4_F1_1775424074,ai_ai_freeform,13,1.7199,407,0.0052
conv_ai_ai_freeform_gpt54_claudesonnet4_F1_1775424074,ai_ai_freeform,14,1.3547,812,0.0031
conv_ai_ai_freeform_gpt54_claudesonnet4_F1_1775424074,ai_ai_freeform,15,1.3138,1294,0.0338
conv_ai_ai_freeform_gpt54_claudesonnet4_F1_1775424074,ai_ai_freeform,16,1.7483,286,0.0049
conv_ai_ai_freeform_gpt54_claudesonnet4_F1_1775424074,ai_ai_freeform,17,1.0067,298,0.0032
conv_ai_ai_freeform_gpt54_claudesonnet4_F1_1775424074,ai_ai_freeform,18,1.0277,973,0.0067
conv_ai_ai_freeform_gpt54_claudesonnet4_F1_1775424074,ai_ai_freeform,19,1.3048,1073,0.0106
conv_ai_ai_freeform_gpt54_claudesonnet4_F1_1775424074,ai_ai_freeform,20,0.316,633,0.0237
conv_ai_ai_freeform_gpt54_claudesonnet4_F2_1775424513,ai_ai_freeform,2,1.0309,97,0.0
conv_ai_ai_freeform_gpt54_claudesonnet4_F2_1775424513,ai_ai_freeform,3,1.1173,179,0.0
conv_ai_ai_freeform_gpt54_claudesonnet4_F2_1775424513,ai_ai_freeform,4,0.5128,195,0.0035
conv_ai_ai_freeform_gpt54_claudesonnet4_F2_1775424513,ai_ai_freeform,5,1.355,369,0.0056
conv_ai_ai_freeform_gpt54_claudesonnet4_F2_1775424513,ai_ai_freeform,6,1.4286,280,0.0064
conv_ai_ai_freeform_gpt54_claudesonnet4_F2_1775424513,ai_ai_freeform,7,1.4888,403,0.0053
conv_ai_ai_freeform_gpt54_claudesonnet4_F2_1775424513,ai_ai_freeform,8,2.5735,272,0.0092
conv_ai_ai_freeform_gpt54_claudesonnet4_F2_1775424513,ai_ai_freeform,9,1.8957,422,0.0062
conv_ai_ai_freeform_gpt54_claudesonnet4_F2_1775424513,ai_ai_freeform,10,1.8587,269,0.0076
conv_ai_ai_freeform_gpt54_claudesonnet4_F2_1775424513,ai_ai_freeform,11,0.6424,467,0.0069
conv_ai_ai_freeform_gpt54_claudesonnet4_F2_1775424513,ai_ai_freeform,12,2.0,300,0.0018
conv_ai_ai_freeform_gpt54_claudesonnet4_F2_1775424513,ai_ai_freeform,13,1.4644,478,0.0076
conv_ai_ai_freeform_gpt54_claudesonnet4_F2_1775424513,ai_ai_freeform,14,0.7273,275,0.0071
conv_ai_ai_freeform_gpt54_claudesonnet4_F2_1775424513,ai_ai_freeform,15,1.0753,372,0.0085
conv_ai_ai_freeform_gpt54_claudesonnet4_F2_1775424513,ai_ai_freeform,16,1.2862,311,0.0
conv_ai_ai_freeform_gpt54_claudesonnet4_F2_1775424513,ai_ai_freeform,17,1.4644,478,0.006
conv_ai_ai_freeform_gpt54_claudesonnet4_F2_1775424513,ai_ai_freeform,18,1.3699,292,0.0069
conv_ai_ai_freeform_gpt54_claudesonnet4_F2_1775424513,ai_ai_freeform,19,0.6961,431,0.0045
conv_ai_ai_freeform_gpt54_claudesonnet4_F2_1775424513,ai_ai_freeform,20,3.5461,282,0.0053
conv_ai_ai_freeform_gpt54_claudesonnet4_F3_1775424861,ai_ai_freeform,2,0.0,119,0.0
conv_ai_ai_freeform_gpt54_claudesonnet4_F3_1775424861,ai_ai_freeform,3,0.7968,251,0.0
conv_ai_ai_freeform_gpt54_claudesonnet4_F3_1775424861,ai_ai_freeform,4,1.25,240,0.0
conv_ai_ai_freeform_gpt54_claudesonnet4_F3_1775424861,ai_ai_freeform,5,1.1268,355,0.005
conv_ai_ai_freeform_gpt54_claudesonnet4_F3_1775424861,ai_ai_freeform,6,0.7435,269,0.0
conv_ai_ai_freeform_gpt54_claudesonnet4_F3_1775424861,ai_ai_freeform,7,1.0753,465,0.0049
conv_ai_ai_freeform_gpt54_claudesonnet4_F3_1775424861,ai_ai_freeform,8,1.0033,299,0.0018
conv_ai_ai_freeform_gpt54_claudesonnet4_F3_1775424861,ai_ai_freeform,9,0.3906,512,0.001
conv_ai_ai_freeform_gpt54_claudesonnet4_F3_1775424861,ai_ai_freeform,10,1.2136,412,0.0043
conv_ai_ai_freeform_gpt54_claudesonnet4_F3_1775424861,ai_ai_freeform,11,0.6547,611,0.01
conv_ai_ai_freeform_gpt54_claudesonnet4_F3_1775424861,ai_ai_freeform,12,0.8174,367,0.0079
conv_ai_ai_freeform_gpt54_claudesonnet4_F3_1775424861,ai_ai_freeform,13,0.367,545,0.0044
conv_ai_ai_freeform_gpt54_claudesonnet4_F3_1775424861,ai_ai_freeform,14,1.9718,355,0.0028
conv_ai_ai_freeform_gpt54_claudesonnet4_F3_1775424861,ai_ai_freeform,15,0.9524,420,0.0042
conv_ai_ai_freeform_gpt54_claudesonnet4_F3_1775424861,ai_ai_freeform,16,1.4006,357,0.0
conv_ai_ai_freeform_gpt54_claudesonnet4_F3_1775424861,ai_ai_freeform,17,0.1232,812,0.0109
conv_ai_ai_freeform_gpt54_claudesonnet4_F3_1775424861,ai_ai_freeform,18,1.3487,519,0.0
conv_ai_ai_freeform_gpt54_claudesonnet4_F3_1775424861,ai_ai_freeform,19,1.0321,872,0.0166
conv_ai_ai_freeform_gpt54_claudesonnet4_F3_1775424861,ai_ai_freeform,20,0.4317,695,0.02
conv_ai_ai_freeform_gpt54_gemini25flash_F2_1775425241,ai_ai_freeform,2,1.9608,51,0.0
conv_ai_ai_freeform_gpt54_gemini25flash_F2_1775425241,ai_ai_freeform,3,2.0,50,0.0
conv_ai_ai_freeform_gpt54_gemini25flash_F2_1775425241,ai_ai_freeform,4,0.0,157,0.0
conv_ai_ai_freeform_gpt54_gemini25flash_F2_1775425241,ai_ai_freeform,5,1.3514,222,0.0075
conv_ai_ai_freeform_gpt54_gemini25flash_F2_1775425241,ai_ai_freeform,6,0.2841,352,0.002
conv_ai_ai_freeform_gpt54_gemini25flash_F2_1775425241,ai_ai_freeform,7,0.5666,353,0.0053
conv_ai_ai_freeform_gpt54_gemini25flash_F2_1775425241,ai_ai_freeform,8,0.4124,485,0.0048
conv_ai_ai_freeform_gpt54_gemini25flash_F2_1775425241,ai_ai_freeform,9,0.3344,299,0.011
conv_ai_ai_freeform_gpt54_gemini25flash_F2_1775425241,ai_ai_freeform,10,0.2721,735,0.0008
conv_ai_ai_freeform_gpt54_gemini25flash_F2_1775425241,ai_ai_freeform,11,2.3355,471,0.0026
conv_ai_ai_freeform_gpt54_gemini25flash_F2_1775425241,ai_ai_freeform,12,0.3984,502,0.0017
conv_ai_ai_freeform_gpt54_gemini25flash_F2_1775425241,ai_ai_freeform,13,1.5666,383,0.0084
conv_ai_ai_freeform_gpt54_gemini25flash_F2_1775425241,ai_ai_freeform,14,0.4274,234,0.0028
conv_ai_ai_freeform_gpt54_gemini25flash_F2_1775425241,ai_ai_freeform,15,1.4199,493,0.0012
conv_ai_ai_freeform_gpt54_gemini25flash_F2_1775425241,ai_ai_freeform,16,1.0444,766,0.0031
conv_ai_ai_freeform_gpt54_gemini25flash_F2_1775425241,ai_ai_freeform,17,1.6698,539,0.0128
conv_ai_ai_freeform_gpt54_gemini25flash_F2_1775425241,ai_ai_freeform,18,0.5634,710,0.0099
conv_ai_ai_freeform_gpt54_gemini25flash_F2_1775425241,ai_ai_freeform,19,0.9542,524,0.0145
conv_ai_ai_freeform_gpt54_gemini25flash_F2_1775425241,ai_ai_freeform,20,0.0,240,0.0076
conv_ai_ai_freeform_gpt54_gemini25flash_F3_1775425409,ai_ai_freeform,2,0.6944,144,0.0
conv_ai_ai_freeform_gpt54_gemini25flash_F3_1775425409,ai_ai_freeform,3,1.087,184,0.0
conv_ai_ai_freeform_gpt54_gemini25flash_F3_1775425409,ai_ai_freeform,4,0.4065,246,0.0026
conv_ai_ai_freeform_gpt54_gemini25flash_F3_1775425409,ai_ai_freeform,5,0.9709,206,0.0026
conv_ai_ai_freeform_gpt54_gemini25flash_F3_1775425409,ai_ai_freeform,6,0.2994,334,0.0035
conv_ai_ai_freeform_gpt54_gemini25flash_F3_1775425409,ai_ai_freeform,7,0.3774,265,0.0022
conv_ai_ai_freeform_gpt54_gemini25flash_F3_1775425409,ai_ai_freeform,8,1.1655,429,0.0053
conv_ai_ai_freeform_gpt54_gemini25flash_F3_1775425409,ai_ai_freeform,9,0.3676,544,0.0025
conv_ai_ai_freeform_gpt54_gemini25flash_F3_1775425409,ai_ai_freeform,10,0.0,559,0.001
conv_ai_ai_freeform_gpt54_gemini25flash_F3_1775425409,ai_ai_freeform,11,1.1792,424,0.0063
conv_ai_ai_freeform_gpt54_gemini25flash_F3_1775425409,ai_ai_freeform,12,0.5755,695,0.004
conv_ai_ai_freeform_gpt54_gemini25flash_F3_1775425409,ai_ai_freeform,13,0.5701,877,0.0047
conv_ai_ai_freeform_gpt54_gemini25flash_F3_1775425409,ai_ai_freeform,14,0.1513,661,0.009
conv_ai_ai_freeform_gpt54_gemini25flash_F3_1775425409,ai_ai_freeform,15,0.3456,868,0.0088
conv_ai_ai_freeform_gpt54_gemini25flash_F3_1775425409,ai_ai_freeform,16,0.3505,856,0.0115
conv_ai_ai_freeform_gpt54_gemini25flash_F3_1775425409,ai_ai_freeform,17,0.2997,1001,0.0105
conv_ai_ai_freeform_gpt54_gemini25flash_F3_1775425409,ai_ai_freeform,18,0.7792,770,0.0031
conv_ai_ai_freeform_gpt54_gemini25flash_F3_1775425409,ai_ai_freeform,19,0.6329,790,0.0074
conv_ai_ai_freeform_gpt54_gemini25flash_F3_1775425409,ai_ai_freeform,20,0.5882,510,0.012
conv_ai_ai_freeform_gpt54_gemini25flash_F4_1775425660,ai_ai_freeform,2,2.8169,71,0.0
conv_ai_ai_freeform_gpt54_gemini25flash_F4_1775425660,ai_ai_freeform,3,0.0,112,0.0
conv_ai_ai_freeform_gpt54_gemini25flash_F4_1775425660,ai_ai_freeform,4,0.0,69,0.0
conv_ai_ai_freeform_gpt54_gemini25flash_F4_1775425660,ai_ai_freeform,5,0.4651,1075,0.0026
conv_ai_ai_freeform_gpt54_gemini25flash_F4_1775425660,ai_ai_freeform,6,0.0,219,0.0035
conv_ai_ai_freeform_gpt54_gemini25flash_F4_1775425660,ai_ai_freeform,7,0.0,2,0.0
conv_ai_ai_freeform_gpt54_gemini25flash_F4_1775425660,ai_ai_freeform,8,0.2625,1143,0.0038
conv_ai_ai_freeform_gpt54_gemini25flash_F4_1775425660,ai_ai_freeform,9,0.6329,158,0.0
conv_ai_ai_freeform_gpt54_gemini25flash_F4_1775425660,ai_ai_freeform,10,0.1842,1086,0.0202
conv_ai_ai_freeform_gpt54_gemini25flash_F4_1775425660,ai_ai_freeform,11,0.306,1307,0.0042
conv_ai_ai_freeform_gpt54_gemini25flash_F4_1775425660,ai_ai_freeform,12,0.0,283,0.0015
conv_ai_ai_freeform_gpt54_gemini25flash_F4_1775425660,ai_ai_freeform,13,0.0,2,0.0
conv_ai_ai_freeform_gpt54_gemini25flash_F4_1775425660,ai_ai_freeform,14,0.1479,1352,0.0038
conv_ai_ai_freeform_gpt54_gemini25flash_F4_1775425660,ai_ai_freeform,15,0.4975,201,0.0
conv_ai_ai_freeform_gpt54_gemini25flash_F4_1775425660,ai_ai_freeform,16,0.3555,844,0.0138
conv_ai_ai_freeform_gpt54_gemini25flash_F4_1775425660,ai_ai_freeform,17,0.0702,1424,0.0025
conv_ai_ai_freeform_gpt54_gemini25flash_F4_1775425660,ai_ai_freeform,18,0.304,329,0.0026
conv_ai_ai_freeform_gpt54_gemini25flash_F4_1775425660,ai_ai_freeform,19,0.0,2,0.0
conv_ai_ai_freeform_gpt54_gemini25flash_F4_1775425660,ai_ai_freeform,20,0.0921,1086,0.0043
conv_ai_ai_freeform_gpt54_grok41fast_F1_1775426738,ai_ai_freeform,2,0.0,7,0.0
conv_ai_ai_freeform_gpt54_grok41fast_F1_1775426738,ai_ai_freeform,3,0.0,18,0.0
conv_ai_ai_freeform_gpt54_grok41fast_F1_1775426738,ai_ai_freeform,4,0.0,20,0.0
conv_ai_ai_freeform_gpt54_grok41fast_F1_1775426738,ai_ai_freeform,5,2.3256,86,0.0
conv_ai_ai_freeform_gpt54_grok41fast_F1_1775426738,ai_ai_freeform,6,0.0,62,0.0
conv_ai_ai_freeform_gpt54_grok41fast_F1_1775426738,ai_ai_freeform,7,0.5848,171,0.004
conv_ai_ai_freeform_gpt54_grok41fast_F1_1775426738,ai_ai_freeform,8,0.0,151,0.0048
conv_ai_ai_freeform_gpt54_grok41fast_F1_1775426738,ai_ai_freeform,9,0.0,212,0.0
conv_ai_ai_freeform_gpt54_grok41fast_F1_1775426738,ai_ai_freeform,10,0.0,177,0.0
conv_ai_ai_freeform_gpt54_grok41fast_F1_1775426738,ai_ai_freeform,11,0.738,271,0.0
conv_ai_ai_freeform_gpt54_grok41fast_F1_1775426738,ai_ai_freeform,12,0.0,198,0.0
conv_ai_ai_freeform_gpt54_grok41fast_F1_1775426738,ai_ai_freeform,13,0.0,265,0.0153
conv_ai_ai_freeform_gpt54_grok41fast_F1_1775426738,ai_ai_freeform,14,0.0,336,0.0
conv_ai_ai_freeform_gpt54_grok41fast_F1_1775426738,ai_ai_freeform,15,0.2513,398,0.0062
conv_ai_ai_freeform_gpt54_grok41fast_F1_1775426738,ai_ai_freeform,16,0.2762,362,0.0014
conv_ai_ai_freeform_gpt54_grok41fast_F1_1775426738,ai_ai_freeform,17,0.5042,595,0.0113
conv_ai_ai_freeform_gpt54_grok41fast_F1_1775426738,ai_ai_freeform,18,0.0,296,0.0015
conv_ai_ai_freeform_gpt54_grok41fast_F1_1775426738,ai_ai_freeform,19,0.4684,427,0.009
conv_ai_ai_freeform_gpt54_grok41fast_F1_1775426738,ai_ai_freeform,20,0.0,170,0.0
conv_ai_ai_freeform_gpt54_grok41fast_F2_1775426899,ai_ai_freeform,2,0.0,34,0.0
conv_ai_ai_freeform_gpt54_grok41fast_F2_1775426899,ai_ai_freeform,3,1.0417,96,0.0
conv_ai_ai_freeform_gpt54_grok41fast_F2_1775426899,ai_ai_freeform,4,0.8333,120,0.0067
conv_ai_ai_freeform_gpt54_grok41fast_F2_1775426899,ai_ai_freeform,5,1.7422,287,0.0053
conv_ai_ai_freeform_gpt54_grok41fast_F2_1775426899,ai_ai_freeform,6,0.0,194,0.0
conv_ai_ai_freeform_gpt54_grok41fast_F2_1775426899,ai_ai_freeform,7,0.6818,440,0.0085
conv_ai_ai_freeform_gpt54_grok41fast_F2_1775426899,ai_ai_freeform,8,0.4405,227,0.0073
conv_ai_ai_freeform_gpt54_grok41fast_F2_1775426899,ai_ai_freeform,9,1.3966,358,0.0038
conv_ai_ai_freeform_gpt54_grok41fast_F2_1775426899,ai_ai_freeform,10,0.0,245,0.0
conv_ai_ai_freeform_gpt54_grok41fast_F2_1775426899,ai_ai_freeform,11,0.6656,601,0.0
conv_ai_ai_freeform_gpt54_grok41fast_F2_1775426899,ai_ai_freeform,12,0.0,227,0.0043
conv_ai_ai_freeform_gpt54_grok41fast_F2_1775426899,ai_ai_freeform,13,1.2987,693,0.0031
conv_ai_ai_freeform_gpt54_grok41fast_F2_1775426899,ai_ai_freeform,14,0.0,257,0.0
conv_ai_ai_freeform_gpt54_grok41fast_F2_1775426899,ai_ai_freeform,15,0.9988,801,0.0109
conv_ai_ai_freeform_gpt54_grok41fast_F2_1775426899,ai_ai_freeform,16,0.0,321,0.0018
conv_ai_ai_freeform_gpt54_grok41fast_F2_1775426899,ai_ai_freeform,17,0.4086,979,0.0086
conv_ai_ai_freeform_gpt54_grok41fast_F2_1775426899,ai_ai_freeform,18,0.1916,522,0.0012
conv_ai_ai_freeform_gpt54_grok41fast_F2_1775426899,ai_ai_freeform,19,0.4224,947,0.0031
conv_ai_ai_freeform_gpt54_grok41fast_F2_1775426899,ai_ai_freeform,20,0.0,404,0.0022
conv_ai_ai_freeform_gpt54_grok41fast_F4_1775426489,ai_ai_freeform,2,0.0,24,0.0
conv_ai_ai_freeform_gpt54_grok41fast_F4_1775426489,ai_ai_freeform,3,2.3256,86,0.0
conv_ai_ai_freeform_gpt54_grok41fast_F4_1775426489,ai_ai_freeform,4,0.8547,117,0.0074
conv_ai_ai_freeform_gpt54_grok41fast_F4_1775426489,ai_ai_freeform,5,0.0,161,0.0041
conv_ai_ai_freeform_gpt54_grok41fast_F4_1775426489,ai_ai_freeform,6,0.0,134,0.0
conv_ai_ai_freeform_gpt54_grok41fast_F4_1775426489,ai_ai_freeform,7,0.0,186,0.0
conv_ai_ai_freeform_gpt54_grok41fast_F4_1775426489,ai_ai_freeform,8,0.0,213,0.0059
conv_ai_ai_freeform_gpt54_grok41fast_F4_1775426489,ai_ai_freeform,9,0.5102,196,0.0161
conv_ai_ai_freeform_gpt54_grok41fast_F4_1775426489,ai_ai_freeform,10,0.0,173,0.0026
conv_ai_ai_freeform_gpt54_grok41fast_F4_1775426489,ai_ai_freeform,11,0.0,463,0.0015
conv_ai_ai_freeform_gpt54_grok41fast_F4_1775426489,ai_ai_freeform,12,0.0,559,0.0
conv_ai_ai_freeform_gpt54_grok41fast_F4_1775426489,ai_ai_freeform,13,0.565,531,0.0104
conv_ai_ai_freeform_gpt54_grok41fast_F4_1775426489,ai_ai_freeform,14,0.2028,493,0.0106
conv_ai_ai_freeform_gpt54_grok41fast_F4_1775426489,ai_ai_freeform,15,0.1757,569,0.0084
conv_ai_ai_freeform_gpt54_grok41fast_F4_1775426489,ai_ai_freeform,16,0.2257,443,0.0043
conv_ai_ai_freeform_gpt54_grok41fast_F4_1775426489,ai_ai_freeform,17,0.0,699,0.0032
conv_ai_ai_freeform_gpt54_grok41fast_F4_1775426489,ai_ai_freeform,18,0.0,437,0.0
conv_ai_ai_freeform_gpt54_grok41fast_F4_1775426489,ai_ai_freeform,19,0.3672,817,0.0034
conv_ai_ai_freeform_gpt54_grok41fast_F4_1775426489,ai_ai_freeform,20,0.0,468,0.0056
conv_ai_ai_freeform_gpt54mini_claudesonnet4_F1_1775423348,ai_ai_freeform,2,0.0,26,0.0
conv_ai_ai_freeform_gpt54mini_claudesonnet4_F1_1775423348,ai_ai_freeform,3,2.381,42,0.0
conv_ai_ai_freeform_gpt54mini_claudesonnet4_F1_1775423348,ai_ai_freeform,4,4.1237,97,0.0085
conv_ai_ai_freeform_gpt54mini_claudesonnet4_F1_1775423348,ai_ai_freeform,5,1.0,100,0.0
conv_ai_ai_freeform_gpt54mini_claudesonnet4_F1_1775423348,ai_ai_freeform,6,1.0204,98,0.0108
conv_ai_ai_freeform_gpt54mini_claudesonnet4_F1_1775423348,ai_ai_freeform,7,0.0,91,0.0275
conv_ai_ai_freeform_gpt54mini_claudesonnet4_F1_1775423348,ai_ai_freeform,8,3.7037,108,0.0
conv_ai_ai_freeform_gpt54mini_claudesonnet4_F1_1775423348,ai_ai_freeform,9,0.0,62,0.0205
conv_ai_ai_freeform_gpt54mini_claudesonnet4_F1_1775423348,ai_ai_freeform,10,1.7241,116,0.0
conv_ai_ai_freeform_gpt54mini_claudesonnet4_F1_1775423348,ai_ai_freeform,11,1.0753,186,0.0124
conv_ai_ai_freeform_gpt54mini_claudesonnet4_F1_1775423348,ai_ai_freeform,12,0.5747,174,0.0106
conv_ai_ai_freeform_gpt54mini_claudesonnet4_F1_1775423348,ai_ai_freeform,13,0.6944,144,0.0156
conv_ai_ai_freeform_gpt54mini_claudesonnet4_F1_1775423348,ai_ai_freeform,14,2.1739,184,0.0085
conv_ai_ai_freeform_gpt54mini_claudesonnet4_F1_1775423348,ai_ai_freeform,15,1.0929,183,0.0126
conv_ai_ai_freeform_gpt54mini_claudesonnet4_F1_1775423348,ai_ai_freeform,16,3.7234,188,0.0055
conv_ai_ai_freeform_gpt54mini_claudesonnet4_F1_1775423348,ai_ai_freeform,17,0.5435,184,0.0084
conv_ai_ai_freeform_gpt54mini_claudesonnet4_F1_1775423348,ai_ai_freeform,18,3.0303,198,0.0026
conv_ai_ai_freeform_gpt54mini_claudesonnet4_F1_1775423348,ai_ai_freeform,19,1.9157,261,0.0
conv_ai_ai_freeform_gpt54mini_claudesonnet4_F1_1775423348,ai_ai_freeform,20,0.9009,222,0.0048
conv_ai_ai_freeform_gpt54mini_claudesonnet4_F3_1775413536,ai_ai_freeform,2,0.0,105,0.0
conv_ai_ai_freeform_gpt54mini_claudesonnet4_F3_1775413536,ai_ai_freeform,3,1.0989,91,0.0
conv_ai_ai_freeform_gpt54mini_claudesonnet4_F3_1775413536,ai_ai_freeform,4,0.8929,112,0.0
conv_ai_ai_freeform_gpt54mini_claudesonnet4_F3_1775413536,ai_ai_freeform,5,0.4167,240,0.0124
conv_ai_ai_freeform_gpt54mini_claudesonnet4_F3_1775413536,ai_ai_freeform,6,0.5319,188,0.0
conv_ai_ai_freeform_gpt54mini_claudesonnet4_F3_1775413536,ai_ai_freeform,7,0.0,298,0.0231
conv_ai_ai_freeform_gpt54mini_claudesonnet4_F3_1775413536,ai_ai_freeform,8,1.0471,191,0.0027
conv_ai_ai_freeform_gpt54mini_claudesonnet4_F3_1775413536,ai_ai_freeform,9,0.0,379,0.0214
conv_ai_ai_freeform_gpt54mini_claudesonnet4_F3_1775413536,ai_ai_freeform,10,1.5544,193,0.0026
conv_ai_ai_freeform_gpt54mini_claudesonnet4_F3_1775413536,ai_ai_freeform,11,0.0,363,0.0309
conv_ai_ai_freeform_gpt54mini_claudesonnet4_F3_1775413536,ai_ai_freeform,12,0.939,213,0.0025
conv_ai_ai_freeform_gpt54mini_claudesonnet4_F3_1775413536,ai_ai_freeform,13,0.0,348,0.0277
conv_ai_ai_freeform_gpt54mini_claudesonnet4_F3_1775413536,ai_ai_freeform,14,0.0,196,0.005
conv_ai_ai_freeform_gpt54mini_claudesonnet4_F3_1775413536,ai_ai_freeform,15,0.0,348,0.0282
conv_ai_ai_freeform_gpt54mini_claudesonnet4_F3_1775413536,ai_ai_freeform,16,1.0811,185,0.0027
conv_ai_ai_freeform_gpt54mini_claudesonnet4_F3_1775413536,ai_ai_freeform,17,0.6849,438,0.0093
conv_ai_ai_freeform_gpt54mini_claudesonnet4_F3_1775413536,ai_ai_freeform,18,0.5102,196,0.0027
conv_ai_ai_freeform_gpt54mini_claudesonnet4_F3_1775413536,ai_ai_freeform,19,0.0,362,0.0092
conv_ai_ai_freeform_gpt54mini_claudesonnet4_F3_1775413536,ai_ai_freeform,20,0.4739,211,0.005
conv_ai_ai_freeform_gpt54mini_claudesonnet4_F5_1775413376,ai_ai_freeform,2,1.3889,72,0.0
conv_ai_ai_freeform_gpt54mini_claudesonnet4_F5_1775413376,ai_ai_freeform,3,0.0,125,0.0
conv_ai_ai_freeform_gpt54mini_claudesonnet4_F5_1775413376,ai_ai_freeform,4,2.381,126,0.0052
conv_ai_ai_freeform_gpt54mini_claudesonnet4_F5_1775413376,ai_ai_freeform,5,0.6024,166,0.0035
conv_ai_ai_freeform_gpt54mini_claudesonnet4_F5_1775413376,ai_ai_freeform,6,1.2121,165,0.0035
conv_ai_ai_freeform_gpt54mini_claudesonnet4_F5_1775413376,ai_ai_freeform,7,0.7463,134,0.0314
conv_ai_ai_freeform_gpt54mini_claudesonnet4_F5_1775413376,ai_ai_freeform,8,1.087,184,0.0058
conv_ai_ai_freeform_gpt54mini_claudesonnet4_F5_1775413376,ai_ai_freeform,9,0.4762,210,0.0273
conv_ai_ai_freeform_gpt54mini_claudesonnet4_F5_1775413376,ai_ai_freeform,10,1.3761,218,0.0025
conv_ai_ai_freeform_gpt54mini_claudesonnet4_F5_1775413376,ai_ai_freeform,11,0.4274,234,0.0069
conv_ai_ai_freeform_gpt54mini_claudesonnet4_F5_1775413376,ai_ai_freeform,12,0.4032,248,0.0022
conv_ai_ai_freeform_gpt54mini_claudesonnet4_F5_1775413376,ai_ai_freeform,13,0.6494,308,0.0075
conv_ai_ai_freeform_gpt54mini_claudesonnet4_F5_1775413376,ai_ai_freeform,14,2.6119,268,0.002
conv_ai_ai_freeform_gpt54mini_claudesonnet4_F5_1775413376,ai_ai_freeform,15,0.7722,259,0.0072
conv_ai_ai_freeform_gpt54mini_claudesonnet4_F5_1775413376,ai_ai_freeform,16,2.6718,262,0.0019
conv_ai_ai_freeform_gpt54mini_claudesonnet4_F5_1775413376,ai_ai_freeform,17,1.6287,307,0.0036
conv_ai_ai_freeform_gpt54mini_claudesonnet4_F5_1775413376,ai_ai_freeform,18,2.8112,249,0.004
conv_ai_ai_freeform_gpt54mini_claudesonnet4_F5_1775413376,ai_ai_freeform,19,0.3012,332,0.0096
conv_ai_ai_freeform_gpt54mini_claudesonnet4_F5_1775413376,ai_ai_freeform,20,1.1407,263,0.008
conv_ai_ai_freeform_gpt54mini_gemini25flash_F1_1775423537,ai_ai_freeform,2,0.0,13,0.0
conv_ai_ai_freeform_gpt54mini_gemini25flash_F1_1775423537,ai_ai_freeform,3,0.0,68,0.0
conv_ai_ai_freeform_gpt54mini_gemini25flash_F1_1775423537,ai_ai_freeform,4,2.4194,124,0.0
conv_ai_ai_freeform_gpt54mini_gemini25flash_F1_1775423537,ai_ai_freeform,5,5.0,100,0.0
conv_ai_ai_freeform_gpt54mini_gemini25flash_F1_1775423537,ai_ai_freeform,6,2.381,126,0.0165
conv_ai_ai_freeform_gpt54mini_gemini25flash_F1_1775423537,ai_ai_freeform,7,0.7692,130,0.0044
conv_ai_ai_freeform_gpt54mini_gemini25flash_F1_1775423537,ai_ai_freeform,8,1.7647,170,0.0034
conv_ai_ai_freeform_gpt54mini_gemini25flash_F1_1775423537,ai_ai_freeform,9,0.0,130,0.02
conv_ai_ai_freeform_gpt54mini_gemini25flash_F1_1775423537,ai_ai_freeform,10,0.3425,292,0.0111
conv_ai_ai_freeform_gpt54mini_gemini25flash_F1_1775423537,ai_ai_freeform,11,1.2121,165,0.0211
conv_ai_ai_freeform_gpt54mini_gemini25flash_F1_1775423537,ai_ai_freeform,12,0.0,359,0.0016
conv_ai_ai_freeform_gpt54mini_gemini25flash_F1_1775423537,ai_ai_freeform,13,1.087,184,0.03
conv_ai_ai_freeform_gpt54mini_gemini25flash_F1_1775423537,ai_ai_freeform,14,0.346,578,0.0022
conv_ai_ai_freeform_gpt54mini_gemini25flash_F1_1775423537,ai_ai_freeform,15,0.5435,184,0.014
conv_ai_ai_freeform_gpt54mini_gemini25flash_F1_1775423537,ai_ai_freeform,16,0.0,209,0.0104
conv_ai_ai_freeform_gpt54mini_gemini25flash_F1_1775423537,ai_ai_freeform,17,0.6897,145,0.0188
conv_ai_ai_freeform_gpt54mini_gemini25flash_F1_1775423537,ai_ai_freeform,18,0.0,582,0.0065
conv_ai_ai_freeform_gpt54mini_gemini25flash_F1_1775423537,ai_ai_freeform,19,0.5102,196,0.012
conv_ai_ai_freeform_gpt54mini_gemini25flash_F1_1775423537,ai_ai_freeform,20,0.8104,617,0.0146
conv_ai_ai_freeform_gpt54mini_gemini25flash_F3_1775423445,ai_ai_freeform,2,0.0,130,0.0
conv_ai_ai_freeform_gpt54mini_gemini25flash_F3_1775423445,ai_ai_freeform,3,1.3986,143,0.0
conv_ai_ai_freeform_gpt54mini_gemini25flash_F3_1775423445,ai_ai_freeform,4,0.0,258,0.0026
conv_ai_ai_freeform_gpt54mini_gemini25flash_F3_1775423445,ai_ai_freeform,5,0.4405,227,0.0027
conv_ai_ai_freeform_gpt54mini_gemini25flash_F3_1775423445,ai_ai_freeform,6,0.2985,335,0.0068
conv_ai_ai_freeform_gpt54mini_gemini25flash_F3_1775423445,ai_ai_freeform,7,0.0,165,0.0026
conv_ai_ai_freeform_gpt54mini_gemini25flash_F3_1775423445,ai_ai_freeform,8,0.0,101,0.0047
conv_ai_ai_freeform_gpt54mini_gemini25flash_F3_1775423445,ai_ai_freeform,9,0.4914,407,0.0125
conv_ai_ai_freeform_gpt54mini_gemini25flash_F3_1775423445,ai_ai_freeform,10,0.2809,356,0.0
conv_ai_ai_freeform_gpt54mini_gemini25flash_F3_1775423445,ai_ai_freeform,11,0.2364,423,0.0136
conv_ai_ai_freeform_gpt54mini_gemini25flash_F3_1775423445,ai_ai_freeform,12,0.6116,327,0.0105
conv_ai_ai_freeform_gpt54mini_gemini25flash_F3_1775423445,ai_ai_freeform,13,0.0,424,0.0134
conv_ai_ai_freeform_gpt54mini_gemini25flash_F3_1775423445,ai_ai_freeform,14,0.2899,345,0.0046
conv_ai_ai_freeform_gpt54mini_gemini25flash_F3_1775423445,ai_ai_freeform,15,0.2639,379,0.0193
conv_ai_ai_freeform_gpt54mini_gemini25flash_F3_1775423445,ai_ai_freeform,16,0.0,312,0.0078
conv_ai_ai_freeform_gpt54mini_gemini25flash_F3_1775423445,ai_ai_freeform,17,0.2564,390,0.0286
conv_ai_ai_freeform_gpt54mini_gemini25flash_F3_1775423445,ai_ai_freeform,18,0.0,221,0.0057
conv_ai_ai_freeform_gpt54mini_gemini25flash_F3_1775423445,ai_ai_freeform,19,0.0,113,0.0082
conv_ai_ai_freeform_gpt54mini_gemini25flash_F3_1775423445,ai_ai_freeform,20,0.7042,142,0.0113
conv_ai_ai_freeform_gpt54mini_gemini25flash_F5_1775423633,ai_ai_freeform,2,0.0,49,0.0
conv_ai_ai_freeform_gpt54mini_gemini25flash_F5_1775423633,ai_ai_freeform,3,0.0,42,0.0
conv_ai_ai_freeform_gpt54mini_gemini25flash_F5_1775423633,ai_ai_freeform,4,2.4691,81,0.0
conv_ai_ai_freeform_gpt54mini_gemini25flash_F5_1775423633,ai_ai_freeform,5,2.5,80,0.0
conv_ai_ai_freeform_gpt54mini_gemini25flash_F5_1775423633,ai_ai_freeform,6,1.3158,152,0.0178
conv_ai_ai_freeform_gpt54mini_gemini25flash_F5_1775423633,ai_ai_freeform,7,0.9615,104,0.0
conv_ai_ai_freeform_gpt54mini_gemini25flash_F5_1775423633,ai_ai_freeform,8,0.3021,331,0.0042
conv_ai_ai_freeform_gpt54mini_gemini25flash_F5_1775423633,ai_ai_freeform,9,0.3846,260,0.0028
conv_ai_ai_freeform_gpt54mini_gemini25flash_F5_1775423633,ai_ai_freeform,10,0.8955,335,0.0015
conv_ai_ai_freeform_gpt54mini_gemini25flash_F5_1775423633,ai_ai_freeform,11,0.6667,150,0.0127
conv_ai_ai_freeform_gpt54mini_gemini25flash_F5_1775423633,ai_ai_freeform,12,0.358,838,0.2036
conv_ai_ai_freeform_gpt54mini_gemini25flash_F5_1775423633,ai_ai_freeform,13,1.5873,126,0.0152
conv_ai_ai_freeform_gpt54mini_gemini25flash_F5_1775423633,ai_ai_freeform,14,0.125,800,0.6914
conv_ai_ai_freeform_gpt54mini_gemini25flash_F5_1775423633,ai_ai_freeform,15,1.1628,86,0.0
conv_ai_ai_freeform_gpt54mini_gemini25flash_F5_1775423633,ai_ai_freeform,16,0.2232,448,0.0392
conv_ai_ai_freeform_gpt54mini_gemini25flash_F5_1775423633,ai_ai_freeform,17,1.0,100,0.0
conv_ai_ai_freeform_gpt54mini_gemini25flash_F5_1775423633,ai_ai_freeform,18,0.0,410,0.5254
conv_ai_ai_freeform_gpt54mini_gemini25flash_F5_1775423633,ai_ai_freeform,19,1.1765,85,0.118
conv_ai_ai_freeform_gpt54mini_gemini25flash_F5_1775423633,ai_ai_freeform,20,0.2387,419,0.6305
conv_ai_ai_freeform_gpt54mini_gpt54_F1_1775413091,ai_ai_freeform,2,0.0,14,0.0
conv_ai_ai_freeform_gpt54mini_gpt54_F1_1775413091,ai_ai_freeform,3,0.0,15,0.0
conv_ai_ai_freeform_gpt54mini_gpt54_F1_1775413091,ai_ai_freeform,4,0.0,14,0.0
conv_ai_ai_freeform_gpt54mini_gpt54_F1_1775413091,ai_ai_freeform,5,3.3333,30,0.0
conv_ai_ai_freeform_gpt54mini_gpt54_F1_1775413091,ai_ai_freeform,6,2.5641,78,0.0
conv_ai_ai_freeform_gpt54mini_gpt54_F1_1775413091,ai_ai_freeform,7,3.3333,120,0.0
conv_ai_ai_freeform_gpt54mini_gpt54_F1_1775413091,ai_ai_freeform,8,0.7326,273,0.0029
conv_ai_ai_freeform_gpt54mini_gpt54_F1_1775413091,ai_ai_freeform,9,1.3889,216,0.0
conv_ai_ai_freeform_gpt54mini_gpt54_F1_1775413091,ai_ai_freeform,10,0.0,36,0.0033
conv_ai_ai_freeform_gpt54mini_gpt54_F1_1775413091,ai_ai_freeform,11,1.4134,283,0.0167
conv_ai_ai_freeform_gpt54mini_gpt54_F1_1775413091,ai_ai_freeform,12,0.7143,140,0.0178
conv_ai_ai_freeform_gpt54mini_gpt54_F1_1775413091,ai_ai_freeform,13,2.3622,254,0.0154
conv_ai_ai_freeform_gpt54mini_gpt54_F1_1775413091,ai_ai_freeform,14,0.0,43,0.0
conv_ai_ai_freeform_gpt54mini_gpt54_F1_1775413091,ai_ai_freeform,15,1.1086,451,0.0058
conv_ai_ai_freeform_gpt54mini_gpt54_F1_1775413091,ai_ai_freeform,16,0.0,31,0.0
conv_ai_ai_freeform_gpt54mini_gpt54_F1_1775413091,ai_ai_freeform,17,0.2639,379,0.0099
conv_ai_ai_freeform_gpt54mini_gpt54_F1_1775413091,ai_ai_freeform,18,0.0,30,0.0
conv_ai_ai_freeform_gpt54mini_gpt54_F1_1775413091,ai_ai_freeform,19,1.1439,1049,0.0186
conv_ai_ai_freeform_gpt54mini_gpt54_F1_1775413091,ai_ai_freeform,20,0.0,40,0.0312
conv_ai_ai_freeform_gpt54mini_gpt54_F2_1775411257,ai_ai_freeform,2,0.0,30,0.0
conv_ai_ai_freeform_gpt54mini_gpt54_F2_1775411257,ai_ai_freeform,3,1.2821,78,0.0
conv_ai_ai_freeform_gpt54mini_gpt54_F2_1775411257,ai_ai_freeform,4,0.0,79,0.0
conv_ai_ai_freeform_gpt54mini_gpt54_F2_1775411257,ai_ai_freeform,5,0.7463,134,0.0049
conv_ai_ai_freeform_gpt54mini_gpt54_F2_1775411257,ai_ai_freeform,6,1.5267,131,0.0
conv_ai_ai_freeform_gpt54mini_gpt54_F2_1775411257,ai_ai_freeform,7,2.3622,127,0.0039
conv_ai_ai_freeform_gpt54mini_gpt54_F2_1775411257,ai_ai_freeform,8,1.4815,135,0.0
conv_ai_ai_freeform_gpt54mini_gpt54_F2_1775411257,ai_ai_freeform,9,1.2579,159,0.0
conv_ai_ai_freeform_gpt54mini_gpt54_F2_1775411257,ai_ai_freeform,10,0.7194,139,0.0
conv_ai_ai_freeform_gpt54mini_gpt54_F2_1775411257,ai_ai_freeform,11,1.2821,156,0.0032
conv_ai_ai_freeform_gpt54mini_gpt54_F2_1775411257,ai_ai_freeform,12,1.8519,216,0.0265
conv_ai_ai_freeform_gpt54mini_gpt54_F2_1775411257,ai_ai_freeform,13,0.0,0,0.0
conv_ai_ai_freeform_gpt54mini_gpt54_F2_1775411257,ai_ai_freeform,14,0.0,0,0.0
conv_ai_ai_freeform_gpt54mini_gpt54_F2_1775411257,ai_ai_freeform,15,0.0,0,0.0
conv_ai_ai_freeform_gpt54mini_gpt54_F2_1775411257,ai_ai_freeform,16,0.0,0,0.0
conv_ai_ai_freeform_gpt54mini_gpt54_F2_1775411257,ai_ai_freeform,17,0.0,0,0.0
conv_ai_ai_freeform_gpt54mini_gpt54_F2_1775411257,ai_ai_freeform,18,0.0,45,0.0
conv_ai_ai_freeform_gpt54mini_gpt54_F2_1775411257,ai_ai_freeform,19,0.0,0,0.0
conv_ai_ai_freeform_gpt54mini_gpt54_F2_1775411257,ai_ai_freeform,20,0.0,26,0.0
conv_ai_ai_freeform_gpt54mini_gpt54_F2_1775411981,ai_ai_freeform,2,3.4483,29,0.0
conv_ai_ai_freeform_gpt54mini_gpt54_F2_1775411981,ai_ai_freeform,3,1.1905,84,0.0
conv_ai_ai_freeform_gpt54mini_gpt54_F2_1775411981,ai_ai_freeform,4,1.3423,149,0.0
conv_ai_ai_freeform_gpt54mini_gpt54_F2_1775411981,ai_ai_freeform,5,3.2258,124,0.0
conv_ai_ai_freeform_gpt54mini_gpt54_F2_1775411981,ai_ai_freeform,6,2.8902,173,0.0
conv_ai_ai_freeform_gpt54mini_gpt54_F2_1775411981,ai_ai_freeform,7,0.7042,142,0.0038
conv_ai_ai_freeform_gpt54mini_gpt54_F2_1775411981,ai_ai_freeform,8,0.9434,212,0.0027
conv_ai_ai_freeform_gpt54mini_gpt54_F2_1775411981,ai_ai_freeform,9,1.875,160,0.0
conv_ai_ai_freeform_gpt54mini_gpt54_F2_1775411981,ai_ai_freeform,10,0.0,281,0.0
conv_ai_ai_freeform_gpt54mini_gpt54_F2_1775411981,ai_ai_freeform,11,1.6216,185,0.006
conv_ai_ai_freeform_gpt54mini_gpt54_F2_1775411981,ai_ai_freeform,12,1.0135,296,0.0018
conv_ai_ai_freeform_gpt54mini_gpt54_F2_1775411981,ai_ai_freeform,13,0.5952,168,0.0059
conv_ai_ai_freeform_gpt54mini_gpt54_F2_1775411981,ai_ai_freeform,14,1.1494,261,0.0
conv_ai_ai_freeform_gpt54mini_gpt54_F2_1775411981,ai_ai_freeform,15,2.521,119,0.0036
conv_ai_ai_freeform_gpt54mini_gpt54_F2_1775411981,ai_ai_freeform,16,0.4608,217,0.0021
conv_ai_ai_freeform_gpt54mini_gpt54_F2_1775411981,ai_ai_freeform,17,1.3274,226,0.0059
conv_ai_ai_freeform_gpt54mini_gpt54_F2_1775411981,ai_ai_freeform,18,0.6734,297,0.008
conv_ai_ai_freeform_gpt54mini_gpt54_F2_1775411981,ai_ai_freeform,19,0.0,208,0.0166
conv_ai_ai_freeform_gpt54mini_gpt54_F2_1775411981,ai_ai_freeform,20,0.6826,293,0.0052
conv_ai_ai_freeform_gpt54mini_gpt54_F3_1775413169,ai_ai_freeform,2,0.6289,159,0.0
conv_ai_ai_freeform_gpt54mini_gpt54_F3_1775413169,ai_ai_freeform,3,0.0,177,0.0
conv_ai_ai_freeform_gpt54mini_gpt54_F3_1775413169,ai_ai_freeform,4,0.0,220,0.0191
conv_ai_ai_freeform_gpt54mini_gpt54_F3_1775413169,ai_ai_freeform,5,0.0,157,0.0
conv_ai_ai_freeform_gpt54mini_gpt54_F3_1775413169,ai_ai_freeform,6,0.0,249,0.011
conv_ai_ai_freeform_gpt54mini_gpt54_F3_1775413169,ai_ai_freeform,7,0.7042,142,0.0068
conv_ai_ai_freeform_gpt54mini_gpt54_F3_1775413169,ai_ai_freeform,8,0.4292,233,0.0404
conv_ai_ai_freeform_gpt54mini_gpt54_F3_1775413169,ai_ai_freeform,9,0.0,93,0.0176
conv_ai_ai_freeform_gpt54mini_gpt54_F3_1775413169,ai_ai_freeform,10,0.9852,203,0.0048
conv_ai_ai_freeform_gpt54mini_gpt54_F3_1775413169,ai_ai_freeform,11,0.0,90,0.0
conv_ai_ai_freeform_gpt54mini_gpt54_F3_1775413169,ai_ai_freeform,12,0.0,213,0.0149
conv_ai_ai_freeform_gpt54mini_gpt54_F3_1775413169,ai_ai_freeform,13,0.9524,105,0.0
conv_ai_ai_freeform_gpt54mini_gpt54_F3_1775413169,ai_ai_freeform,14,0.0,206,0.0223
conv_ai_ai_freeform_gpt54mini_gpt54_F3_1775413169,ai_ai_freeform,15,0.0,103,0.0
conv_ai_ai_freeform_gpt54mini_gpt54_F3_1775413169,ai_ai_freeform,16,0.0,207,0.0175
conv_ai_ai_freeform_gpt54mini_gpt54_F3_1775413169,ai_ai_freeform,17,0.0,96,0.0052
conv_ai_ai_freeform_gpt54mini_gpt54_F3_1775413169,ai_ai_freeform,18,0.0,214,0.0223
conv_ai_ai_freeform_gpt54mini_gpt54_F3_1775413169,ai_ai_freeform,19,0.9174,109,0.0101
conv_ai_ai_freeform_gpt54mini_gpt54_F3_1775413169,ai_ai_freeform,20,0.0,242,0.0444
conv_ai_ai_freeform_gpt54mini_gpt54_F5_1775413262,ai_ai_freeform,2,0.0,53,0.0
conv_ai_ai_freeform_gpt54mini_gpt54_F5_1775413262,ai_ai_freeform,3,1.2346,81,0.0
conv_ai_ai_freeform_gpt54mini_gpt54_F5_1775413262,ai_ai_freeform,4,2.1978,91,0.0072
conv_ai_ai_freeform_gpt54mini_gpt54_F5_1775413262,ai_ai_freeform,5,1.5267,131,0.0048
conv_ai_ai_freeform_gpt54mini_gpt54_F5_1775413262,ai_ai_freeform,6,0.3731,268,0.0
conv_ai_ai_freeform_gpt54mini_gpt54_F5_1775413262,ai_ai_freeform,7,0.0,241,0.0055
conv_ai_ai_freeform_gpt54mini_gpt54_F5_1775413262,ai_ai_freeform,8,0.9063,331,0.0017
conv_ai_ai_freeform_gpt54mini_gpt54_F5_1775413262,ai_ai_freeform,9,0.7092,282,0.0098
conv_ai_ai_freeform_gpt54mini_gpt54_F5_1775413262,ai_ai_freeform,10,1.6949,295,0.0082
conv_ai_ai_freeform_gpt54mini_gpt54_F5_1775413262,ai_ai_freeform,11,0.9464,317,0.0051
conv_ai_ai_freeform_gpt54mini_gpt54_F5_1775413262,ai_ai_freeform,12,1.626,369,0.0062
conv_ai_ai_freeform_gpt54mini_gpt54_F5_1775413262,ai_ai_freeform,13,1.0638,376,0.0209
conv_ai_ai_freeform_gpt54mini_gpt54_F5_1775413262,ai_ai_freeform,14,0.8242,364,0.0014
conv_ai_ai_freeform_gpt54mini_gpt54_F5_1775413262,ai_ai_freeform,15,1.7065,293,0.0108
conv_ai_ai_freeform_gpt54mini_gpt54_F5_1775413262,ai_ai_freeform,16,0.7782,257,0.0098
conv_ai_ai_freeform_gpt54mini_gpt54_F5_1775413262,ai_ai_freeform,17,1.0909,275,0.0109
conv_ai_ai_freeform_gpt54mini_gpt54_F5_1775413262,ai_ai_freeform,18,0.8889,225,0.0063
conv_ai_ai_freeform_gpt54mini_gpt54_F5_1775413262,ai_ai_freeform,19,0.3236,309,0.0106
conv_ai_ai_freeform_gpt54mini_gpt54_F5_1775413262,ai_ai_freeform,20,1.0067,298,0.0039
conv_ai_ai_freeform_gpt54mini_grok41fast_F3_1775423867,ai_ai_freeform,2,0.0,54,0.0
conv_ai_ai_freeform_gpt54mini_grok41fast_F3_1775423867,ai_ai_freeform,3,0.0,91,0.0
conv_ai_ai_freeform_gpt54mini_grok41fast_F3_1775423867,ai_ai_freeform,4,0.0,76,0.0
conv_ai_ai_freeform_gpt54mini_grok41fast_F3_1775423867,ai_ai_freeform,5,0.4367,229,0.0161
conv_ai_ai_freeform_gpt54mini_grok41fast_F3_1775423867,ai_ai_freeform,6,0.0,96,0.0
conv_ai_ai_freeform_gpt54mini_grok41fast_F3_1775423867,ai_ai_freeform,7,0.339,295,0.0098
conv_ai_ai_freeform_gpt54mini_grok41fast_F3_1775423867,ai_ai_freeform,8,0.0,81,0.0
conv_ai_ai_freeform_gpt54mini_grok41fast_F3_1775423867,ai_ai_freeform,9,0.0,218,0.0141
conv_ai_ai_freeform_gpt54mini_grok41fast_F3_1775423867,ai_ai_freeform,10,0.0,96,0.0117
conv_ai_ai_freeform_gpt54mini_grok41fast_F3_1775423867,ai_ai_freeform,11,0.0,217,0.0094
conv_ai_ai_freeform_gpt54mini_grok41fast_F3_1775423867,ai_ai_freeform,12,0.0,71,0.0062
conv_ai_ai_freeform_gpt54mini_grok41fast_F3_1775423867,ai_ai_freeform,13,0.0,197,0.0151
conv_ai_ai_freeform_gpt54mini_grok41fast_F3_1775423867,ai_ai_freeform,14,0.0,68,0.0
conv_ai_ai_freeform_gpt54mini_grok41fast_F3_1775423867,ai_ai_freeform,15,0.0,188,0.0218
conv_ai_ai_freeform_gpt54mini_grok41fast_F3_1775423867,ai_ai_freeform,16,0.0,55,0.0
conv_ai_ai_freeform_gpt54mini_grok41fast_F3_1775423867,ai_ai_freeform,17,0.5714,175,0.0259
conv_ai_ai_freeform_gpt54mini_grok41fast_F3_1775423867,ai_ai_freeform,18,0.0,66,0.0
conv_ai_ai_freeform_gpt54mini_grok41fast_F3_1775423867,ai_ai_freeform,19,0.0,204,0.0164
conv_ai_ai_freeform_gpt54mini_grok41fast_F3_1775423867,ai_ai_freeform,20,0.0,60,0.0
conv_ai_ai_freeform_gpt54mini_grok41fast_F4_1775423710,ai_ai_freeform,2,0.0,24,0.0
conv_ai_ai_freeform_gpt54mini_grok41fast_F4_1775423710,ai_ai_freeform,3,1.5873,126,0.0
conv_ai_ai_freeform_gpt54mini_grok41fast_F4_1775423710,ai_ai_freeform,4,0.0,117,0.0224
conv_ai_ai_freeform_gpt54mini_grok41fast_F4_1775423710,ai_ai_freeform,5,0.0,136,0.0
conv_ai_ai_freeform_gpt54mini_grok41fast_F4_1775423710,ai_ai_freeform,6,0.0,125,0.0085
conv_ai_ai_freeform_gpt54mini_grok41fast_F4_1775423710,ai_ai_freeform,7,0.8772,114,0.0
conv_ai_ai_freeform_gpt54mini_grok41fast_F4_1775423710,ai_ai_freeform,8,0.0,70,0.0053
conv_ai_ai_freeform_gpt54mini_grok41fast_F4_1775423710,ai_ai_freeform,9,1.2903,155,0.0038
conv_ai_ai_freeform_gpt54mini_grok41fast_F4_1775423710,ai_ai_freeform,10,0.0,109,0.0057
conv_ai_ai_freeform_gpt54mini_grok41fast_F4_1775423710,ai_ai_freeform,11,0.7463,134,0.0
conv_ai_ai_freeform_gpt54mini_grok41fast_F4_1775423710,ai_ai_freeform,12,1.0638,94,0.0051
conv_ai_ai_freeform_gpt54mini_grok41fast_F4_1775423710,ai_ai_freeform,13,0.0,115,0.0041
conv_ai_ai_freeform_gpt54mini_grok41fast_F4_1775423710,ai_ai_freeform,14,0.0,90,0.0056
conv_ai_ai_freeform_gpt54mini_grok41fast_F4_1775423710,ai_ai_freeform,15,0.0,104,0.0
conv_ai_ai_freeform_gpt54mini_grok41fast_F4_1775423710,ai_ai_freeform,16,0.0,86,0.0178
conv_ai_ai_freeform_gpt54mini_grok41fast_F4_1775423710,ai_ai_freeform,17,0.0,96,0.0
conv_ai_ai_freeform_gpt54mini_grok41fast_F4_1775423710,ai_ai_freeform,18,0.0,77,0.0064
conv_ai_ai_freeform_gpt54mini_grok41fast_F4_1775423710,ai_ai_freeform,19,0.0,109,0.0051
conv_ai_ai_freeform_gpt54mini_grok41fast_F4_1775423710,ai_ai_freeform,20,0.0,81,0.0066
conv_ai_ai_freeform_gpt54mini_grok41fast_F5_1775423794,ai_ai_freeform,2,0.0,27,0.0
conv_ai_ai_freeform_gpt54mini_grok41fast_F5_1775423794,ai_ai_freeform,3,0.0,97,0.0
conv_ai_ai_freeform_gpt54mini_grok41fast_F5_1775423794,ai_ai_freeform,4,0.0,98,0.0
conv_ai_ai_freeform_gpt54mini_grok41fast_F5_1775423794,ai_ai_freeform,5,1.3793,145,0.0042
conv_ai_ai_freeform_gpt54mini_grok41fast_F5_1775423794,ai_ai_freeform,6,0.7299,137,0.0
conv_ai_ai_freeform_gpt54mini_grok41fast_F5_1775423794,ai_ai_freeform,7,0.0,101,0.0083
conv_ai_ai_freeform_gpt54mini_grok41fast_F5_1775423794,ai_ai_freeform,8,0.0,90,0.0091
conv_ai_ai_freeform_gpt54mini_grok41fast_F5_1775423794,ai_ai_freeform,9,0.6623,151,0.0
conv_ai_ai_freeform_gpt54mini_grok41fast_F5_1775423794,ai_ai_freeform,10,0.0,55,0.0
conv_ai_ai_freeform_gpt54mini_grok41fast_F5_1775423794,ai_ai_freeform,11,0.939,213,0.0228
conv_ai_ai_freeform_gpt54mini_grok41fast_F5_1775423794,ai_ai_freeform,12,0.0,67,0.0
conv_ai_ai_freeform_gpt54mini_grok41fast_F5_1775423794,ai_ai_freeform,13,0.4049,247,0.0112
conv_ai_ai_freeform_gpt54mini_grok41fast_F5_1775423794,ai_ai_freeform,14,0.0,58,0.0
conv_ai_ai_freeform_gpt54mini_grok41fast_F5_1775423794,ai_ai_freeform,15,0.0,162,0.0177
conv_ai_ai_freeform_gpt54mini_grok41fast_F5_1775423794,ai_ai_freeform,16,0.0,36,0.0
conv_ai_ai_freeform_gpt54mini_grok41fast_F5_1775423794,ai_ai_freeform,17,0.0,121,0.0257
conv_ai_ai_freeform_gpt54mini_grok41fast_F5_1775423794,ai_ai_freeform,18,0.0,26,0.0
conv_ai_ai_freeform_gpt54mini_grok41fast_F5_1775423794,ai_ai_freeform,19,0.0,158,0.0148
conv_ai_ai_freeform_gpt54mini_grok41fast_F5_1775423794,ai_ai_freeform,20,0.0,34,0.0
conv_ai_ai_freeform_gpt54mini_llama4scout_F1_1775423947,ai_ai_freeform,2,0.0,25,0.0
conv_ai_ai_freeform_gpt54mini_llama4scout_F1_1775423947,ai_ai_freeform,3,0.0,63,0.0
conv_ai_ai_freeform_gpt54mini_llama4scout_F1_1775423947,ai_ai_freeform,4,0.6757,148,0.012
conv_ai_ai_freeform_gpt54mini_llama4scout_F1_1775423947,ai_ai_freeform,5,2.7523,109,0.0
conv_ai_ai_freeform_gpt54mini_llama4scout_F1_1775423947,ai_ai_freeform,6,1.0526,190,0.003
conv_ai_ai_freeform_gpt54mini_llama4scout_F1_1775423947,ai_ai_freeform,7,1.5267,131,0.0129
conv_ai_ai_freeform_gpt54mini_llama4scout_F1_1775423947,ai_ai_freeform,8,1.8265,219,0.0364
conv_ai_ai_freeform_gpt54mini_llama4scout_F1_1775423947,ai_ai_freeform,9,1.9868,151,0.0147
conv_ai_ai_freeform_gpt54mini_llama4scout_F1_1775423947,ai_ai_freeform,10,0.4651,215,0.0071
conv_ai_ai_freeform_gpt54mini_llama4scout_F1_1775423947,ai_ai_freeform,11,1.1696,171,0.0
conv_ai_ai_freeform_gpt54mini_llama4scout_F1_1775423947,ai_ai_freeform,12,1.634,306,0.0059
conv_ai_ai_freeform_gpt54mini_llama4scout_F1_1775423947,ai_ai_freeform,13,2.3669,169,0.003
conv_ai_ai_freeform_gpt54mini_llama4scout_F1_1775423947,ai_ai_freeform,14,2.0896,335,0.0337
conv_ai_ai_freeform_gpt54mini_llama4scout_F1_1775423947,ai_ai_freeform,15,1.5,200,0.0027
conv_ai_ai_freeform_gpt54mini_llama4scout_F1_1775423947,ai_ai_freeform,16,1.6026,312,0.0286
conv_ai_ai_freeform_gpt54mini_llama4scout_F1_1775423947,ai_ai_freeform,17,0.5714,175,0.0027
conv_ai_ai_freeform_gpt54mini_llama4scout_F1_1775423947,ai_ai_freeform,18,0.7692,260,0.0242
conv_ai_ai_freeform_gpt54mini_llama4scout_F1_1775423947,ai_ai_freeform,19,1.6129,186,0.0056
conv_ai_ai_freeform_gpt54mini_llama4scout_F1_1775423947,ai_ai_freeform,20,1.9108,314,0.0205
conv_ai_ai_freeform_gpt54mini_llama4scout_F2_1775423993,ai_ai_freeform,2,0.0,66,0.0
conv_ai_ai_freeform_gpt54mini_llama4scout_F2_1775423993,ai_ai_freeform,3,1.4925,67,0.0
conv_ai_ai_freeform_gpt54mini_llama4scout_F2_1775423993,ai_ai_freeform,4,1.2195,164,0.0135
conv_ai_ai_freeform_gpt54mini_llama4scout_F2_1775423993,ai_ai_freeform,5,3.7736,106,0.0
conv_ai_ai_freeform_gpt54mini_llama4scout_F2_1775423993,ai_ai_freeform,6,0.7782,257,0.0024
conv_ai_ai_freeform_gpt54mini_llama4scout_F2_1775423993,ai_ai_freeform,7,0.7143,140,0.0213
conv_ai_ai_freeform_gpt54mini_llama4scout_F2_1775423993,ai_ai_freeform,8,1.0753,279,0.0335
conv_ai_ai_freeform_gpt54mini_llama4scout_F2_1775423993,ai_ai_freeform,9,0.6849,146,0.0
conv_ai_ai_freeform_gpt54mini_llama4scout_F2_1775423993,ai_ai_freeform,10,0.7143,280,0.0149
conv_ai_ai_freeform_gpt54mini_llama4scout_F2_1775423993,ai_ai_freeform,11,0.6135,163,0.0099
conv_ai_ai_freeform_gpt54mini_llama4scout_F2_1775423993,ai_ai_freeform,12,2.0833,288,0.0185
conv_ai_ai_freeform_gpt54mini_llama4scout_F2_1775423993,ai_ai_freeform,13,2.4,125,0.0179
conv_ai_ai_freeform_gpt54mini_llama4scout_F2_1775423993,ai_ai_freeform,14,0.3906,256,0.0194
conv_ai_ai_freeform_gpt54mini_llama4scout_F2_1775423993,ai_ai_freeform,15,2.0833,144,0.0076
conv_ai_ai_freeform_gpt54mini_llama4scout_F2_1775423993,ai_ai_freeform,16,1.0169,295,0.0192
conv_ai_ai_freeform_gpt54mini_llama4scout_F2_1775423993,ai_ai_freeform,17,1.1834,169,0.0033
conv_ai_ai_freeform_gpt54mini_llama4scout_F2_1775423993,ai_ai_freeform,18,1.6447,304,0.0327
conv_ai_ai_freeform_gpt54mini_llama4scout_F2_1775423993,ai_ai_freeform,19,0.6173,162,0.0062
conv_ai_ai_freeform_gpt54mini_llama4scout_F2_1775423993,ai_ai_freeform,20,1.107,271,0.0167
conv_ai_ai_freeform_gpt54mini_llama4scout_F5_1775424038,ai_ai_freeform,2,0.0,44,0.0
conv_ai_ai_freeform_gpt54mini_llama4scout_F5_1775424038,ai_ai_freeform,3,2.6667,75,0.0
conv_ai_ai_freeform_gpt54mini_llama4scout_F5_1775424038,ai_ai_freeform,4,1.0101,99,0.0
conv_ai_ai_freeform_gpt54mini_llama4scout_F5_1775424038,ai_ai_freeform,5,2.3952,167,0.031
conv_ai_ai_freeform_gpt54mini_llama4scout_F5_1775424038,ai_ai_freeform,6,2.3669,169,0.044
conv_ai_ai_freeform_gpt54mini_llama4scout_F5_1775424038,ai_ai_freeform,7,1.1834,169,0.0062
conv_ai_ai_freeform_gpt54mini_llama4scout_F5_1775424038,ai_ai_freeform,8,0.9302,215,0.0475
conv_ai_ai_freeform_gpt54mini_llama4scout_F5_1775424038,ai_ai_freeform,9,1.0471,191,0.0205
conv_ai_ai_freeform_gpt54mini_llama4scout_F5_1775424038,ai_ai_freeform,10,2.0548,146,0.0233
conv_ai_ai_freeform_gpt54mini_llama4scout_F5_1775424038,ai_ai_freeform,11,1.8692,107,0.007
conv_ai_ai_freeform_gpt54mini_llama4scout_F5_1775424038,ai_ai_freeform,12,1.0989,91,0.0088
conv_ai_ai_freeform_gpt54mini_llama4scout_F5_1775424038,ai_ai_freeform,13,0.0,29,0.0
conv_ai_ai_freeform_gpt54mini_llama4scout_F5_1775424038,ai_ai_freeform,14,0.0,22,0.019
conv_ai_ai_freeform_gpt54mini_llama4scout_F5_1775424038,ai_ai_freeform,15,0.0,9,0.0
conv_ai_ai_freeform_gpt54mini_llama4scout_F5_1775424038,ai_ai_freeform,16,0.0,1,0.0
conv_ai_ai_freeform_gpt54mini_llama4scout_F5_1775424038,ai_ai_freeform,17,0.0,1,0.0
conv_ai_ai_freeform_gpt54mini_llama4scout_F5_1775424038,ai_ai_freeform,18,0.0,1,0.0
conv_ai_ai_freeform_gpt54mini_llama4scout_F5_1775424038,ai_ai_freeform,19,0.0,1,0.0
conv_ai_ai_freeform_gpt54mini_llama4scout_F5_1775424038,ai_ai_freeform,20,0.0,3,0.0
conv_ai_ai_freeform_persona_claudesonnet4_gemini25flash_F2_1775424633,ai_ai_freeform_persona,2,0.0,43,0.0
conv_ai_ai_freeform_persona_claudesonnet4_gemini25flash_F2_1775424633,ai_ai_freeform_persona,3,1.3699,73,0.0
conv_ai_ai_freeform_persona_claudesonnet4_gemini25flash_F2_1775424633,ai_ai_freeform_persona,4,0.0,75,0.0
conv_ai_ai_freeform_persona_claudesonnet4_gemini25flash_F2_1775424633,ai_ai_freeform_persona,5,1.9417,103,0.0059
conv_ai_ai_freeform_persona_claudesonnet4_gemini25flash_F2_1775424633,ai_ai_freeform_persona,6,2.4691,81,0.0066
conv_ai_ai_freeform_persona_claudesonnet4_gemini25flash_F2_1775424633,ai_ai_freeform_persona,7,0.0,112,0.0
conv_ai_ai_freeform_persona_claudesonnet4_gemini25flash_F2_1775424633,ai_ai_freeform_persona,8,0.0,102,0.0
conv_ai_ai_freeform_persona_claudesonnet4_gemini25flash_F2_1775424633,ai_ai_freeform_persona,9,0.0,126,0.0
conv_ai_ai_freeform_persona_claudesonnet4_gemini25flash_F2_1775424633,ai_ai_freeform_persona,10,0.0,86,0.0222
conv_ai_ai_freeform_persona_claudesonnet4_gemini25flash_F2_1775424633,ai_ai_freeform_persona,11,0.8065,124,0.0041
conv_ai_ai_freeform_persona_claudesonnet4_gemini25flash_F2_1775424633,ai_ai_freeform_persona,12,0.0,84,0.0
conv_ai_ai_freeform_persona_claudesonnet4_gemini25flash_F2_1775424633,ai_ai_freeform_persona,13,0.0,43,0.0
conv_ai_ai_freeform_persona_claudesonnet4_gemini25flash_F2_1775424633,ai_ai_freeform_persona,14,0.0,42,0.0
conv_ai_ai_freeform_persona_claudesonnet4_gemini25flash_F2_1775424633,ai_ai_freeform_persona,15,0.0,8,0.0
conv_ai_ai_freeform_persona_claudesonnet4_gemini25flash_F2_1775424633,ai_ai_freeform_persona,16,0.0,13,0.0
conv_ai_ai_freeform_persona_claudesonnet4_gemini25flash_F2_1775424633,ai_ai_freeform_persona,17,0.0,3,0.0
conv_ai_ai_freeform_persona_claudesonnet4_gemini25flash_F2_1775424633,ai_ai_freeform_persona,18,0.0,1,0.0
conv_ai_ai_freeform_persona_claudesonnet4_gemini25flash_F2_1775424633,ai_ai_freeform_persona,19,0.0,0,0.0
conv_ai_ai_freeform_persona_claudesonnet4_gemini25flash_F2_1775424633,ai_ai_freeform_persona,20,0.0,7,0.0
conv_ai_ai_freeform_persona_claudesonnet4_gemini25flash_F4_1775424748,ai_ai_freeform_persona,2,2.2222,45,0.0
conv_ai_ai_freeform_persona_claudesonnet4_gemini25flash_F4_1775424748,ai_ai_freeform_persona,3,0.0,61,0.0
conv_ai_ai_freeform_persona_claudesonnet4_gemini25flash_F4_1775424748,ai_ai_freeform_persona,4,1.0204,98,0.0
conv_ai_ai_freeform_persona_claudesonnet4_gemini25flash_F4_1775424748,ai_ai_freeform_persona,5,0.813,123,0.0
conv_ai_ai_freeform_persona_claudesonnet4_gemini25flash_F4_1775424748,ai_ai_freeform_persona,6,0.0,112,0.0
conv_ai_ai_freeform_persona_claudesonnet4_gemini25flash_F4_1775424748,ai_ai_freeform_persona,7,0.8475,118,0.0042
conv_ai_ai_freeform_persona_claudesonnet4_gemini25flash_F4_1775424748,ai_ai_freeform_persona,8,1.6393,122,0.0
conv_ai_ai_freeform_persona_claudesonnet4_gemini25flash_F4_1775424748,ai_ai_freeform_persona,9,2.3622,127,0.0
conv_ai_ai_freeform_persona_claudesonnet4_gemini25flash_F4_1775424748,ai_ai_freeform_persona,10,1.6393,122,0.0169
conv_ai_ai_freeform_persona_claudesonnet4_gemini25flash_F4_1775424748,ai_ai_freeform_persona,11,1.3158,152,0.0
conv_ai_ai_freeform_persona_claudesonnet4_gemini25flash_F4_1775424748,ai_ai_freeform_persona,12,1.9231,156,0.0074
conv_ai_ai_freeform_persona_claudesonnet4_gemini25flash_F4_1775424748,ai_ai_freeform_persona,13,0.6623,151,0.0
conv_ai_ai_freeform_persona_claudesonnet4_gemini25flash_F4_1775424748,ai_ai_freeform_persona,14,0.0,125,0.011
conv_ai_ai_freeform_persona_claudesonnet4_gemini25flash_F4_1775424748,ai_ai_freeform_persona,15,0.0,145,0.0034
conv_ai_ai_freeform_persona_claudesonnet4_gemini25flash_F4_1775424748,ai_ai_freeform_persona,16,0.0,144,0.0
conv_ai_ai_freeform_persona_claudesonnet4_gemini25flash_F4_1775424748,ai_ai_freeform_persona,17,1.7544,114,0.0
conv_ai_ai_freeform_persona_claudesonnet4_gemini25flash_F4_1775424748,ai_ai_freeform_persona,18,0.0,104,0.0
conv_ai_ai_freeform_persona_claudesonnet4_gemini25flash_F4_1775424748,ai_ai_freeform_persona,19,0.0,24,0.0
conv_ai_ai_freeform_persona_claudesonnet4_gemini25flash_F4_1775424748,ai_ai_freeform_persona,20,2.8571,35,0.0
conv_ai_ai_freeform_persona_claudesonnet4_gemini25flash_F5_1775424545,ai_ai_freeform_persona,2,0.0,47,0.0
conv_ai_ai_freeform_persona_claudesonnet4_gemini25flash_F5_1775424545,ai_ai_freeform_persona,3,1.7544,57,0.0
conv_ai_ai_freeform_persona_claudesonnet4_gemini25flash_F5_1775424545,ai_ai_freeform_persona,4,1.4493,69,0.0
conv_ai_ai_freeform_persona_claudesonnet4_gemini25flash_F5_1775424545,ai_ai_freeform_persona,5,2.8169,71,0.0
conv_ai_ai_freeform_persona_claudesonnet4_gemini25flash_F5_1775424545,ai_ai_freeform_persona,6,1.2195,82,0.0
conv_ai_ai_freeform_persona_claudesonnet4_gemini25flash_F5_1775424545,ai_ai_freeform_persona,7,1.7391,115,0.0
conv_ai_ai_freeform_persona_claudesonnet4_gemini25flash_F5_1775424545,ai_ai_freeform_persona,8,0.0,88,0.0
conv_ai_ai_freeform_persona_claudesonnet4_gemini25flash_F5_1775424545,ai_ai_freeform_persona,9,0.8264,121,0.0
conv_ai_ai_freeform_persona_claudesonnet4_gemini25flash_F5_1775424545,ai_ai_freeform_persona,10,0.0,86,0.0
conv_ai_ai_freeform_persona_claudesonnet4_gemini25flash_F5_1775424545,ai_ai_freeform_persona,11,0.9259,108,0.0
conv_ai_ai_freeform_persona_claudesonnet4_gemini25flash_F5_1775424545,ai_ai_freeform_persona,12,1.0989,91,0.0058
conv_ai_ai_freeform_persona_claudesonnet4_gemini25flash_F5_1775424545,ai_ai_freeform_persona,13,0.9709,103,0.0
conv_ai_ai_freeform_persona_claudesonnet4_gemini25flash_F5_1775424545,ai_ai_freeform_persona,14,0.0,65,0.0
conv_ai_ai_freeform_persona_claudesonnet4_gemini25flash_F5_1775424545,ai_ai_freeform_persona,15,1.1628,86,0.0109
conv_ai_ai_freeform_persona_claudesonnet4_gemini25flash_F5_1775424545,ai_ai_freeform_persona,16,0.0,71,0.0
conv_ai_ai_freeform_persona_claudesonnet4_gemini25flash_F5_1775424545,ai_ai_freeform_persona,17,2.0833,96,0.0
conv_ai_ai_freeform_persona_claudesonnet4_gemini25flash_F5_1775424545,ai_ai_freeform_persona,18,1.4925,67,0.0
conv_ai_ai_freeform_persona_claudesonnet4_gemini25flash_F5_1775424545,ai_ai_freeform_persona,19,0.9259,108,0.005
conv_ai_ai_freeform_persona_claudesonnet4_gemini25flash_F5_1775424545,ai_ai_freeform_persona,20,0.0,81,0.0
conv_ai_ai_freeform_persona_claudesonnet4_grok41fast_F2_1775425124,ai_ai_freeform_persona,2,0.0,37,0.0
conv_ai_ai_freeform_persona_claudesonnet4_grok41fast_F2_1775425124,ai_ai_freeform_persona,3,1.3333,75,0.0
conv_ai_ai_freeform_persona_claudesonnet4_grok41fast_F2_1775425124,ai_ai_freeform_persona,4,0.0,44,0.0
conv_ai_ai_freeform_persona_claudesonnet4_grok41fast_F2_1775425124,ai_ai_freeform_persona,5,0.0,103,0.0
conv_ai_ai_freeform_persona_claudesonnet4_grok41fast_F2_1775425124,ai_ai_freeform_persona,6,0.0,53,0.0
conv_ai_ai_freeform_persona_claudesonnet4_grok41fast_F2_1775425124,ai_ai_freeform_persona,7,0.0,111,0.0
conv_ai_ai_freeform_persona_claudesonnet4_grok41fast_F2_1775425124,ai_ai_freeform_persona,8,0.0,49,0.0
conv_ai_ai_freeform_persona_claudesonnet4_grok41fast_F2_1775425124,ai_ai_freeform_persona,9,0.0,115,0.0045
conv_ai_ai_freeform_persona_claudesonnet4_grok41fast_F2_1775425124,ai_ai_freeform_persona,10,0.0,43,0.0
conv_ai_ai_freeform_persona_claudesonnet4_grok41fast_F2_1775425124,ai_ai_freeform_persona,11,1.0417,96,0.0
conv_ai_ai_freeform_persona_claudesonnet4_grok41fast_F2_1775425124,ai_ai_freeform_persona,12,0.0,39,0.0
conv_ai_ai_freeform_persona_claudesonnet4_grok41fast_F2_1775425124,ai_ai_freeform_persona,13,0.0,104,0.0051
conv_ai_ai_freeform_persona_claudesonnet4_grok41fast_F2_1775425124,ai_ai_freeform_persona,14,0.0,46,0.0
conv_ai_ai_freeform_persona_claudesonnet4_grok41fast_F2_1775425124,ai_ai_freeform_persona,15,0.0,106,0.0049
conv_ai_ai_freeform_persona_claudesonnet4_grok41fast_F2_1775425124,ai_ai_freeform_persona,16,0.0,37,0.0
conv_ai_ai_freeform_persona_claudesonnet4_grok41fast_F2_1775425124,ai_ai_freeform_persona,17,0.0,106,0.0
conv_ai_ai_freeform_persona_claudesonnet4_grok41fast_F2_1775425124,ai_ai_freeform_persona,18,0.0,37,0.0
conv_ai_ai_freeform_persona_claudesonnet4_grok41fast_F2_1775425124,ai_ai_freeform_persona,19,0.8621,116,0.0
conv_ai_ai_freeform_persona_claudesonnet4_grok41fast_F2_1775425124,ai_ai_freeform_persona,20,0.0,37,0.0
conv_ai_ai_freeform_persona_claudesonnet4_grok41fast_F3_1775424909,ai_ai_freeform_persona,2,0.0,53,0.0
conv_ai_ai_freeform_persona_claudesonnet4_grok41fast_F3_1775424909,ai_ai_freeform_persona,3,1.0753,93,0.0
conv_ai_ai_freeform_persona_claudesonnet4_grok41fast_F3_1775424909,ai_ai_freeform_persona,4,0.0,61,0.0
conv_ai_ai_freeform_persona_claudesonnet4_grok41fast_F3_1775424909,ai_ai_freeform_persona,5,0.7812,128,0.0
conv_ai_ai_freeform_persona_claudesonnet4_grok41fast_F3_1775424909,ai_ai_freeform_persona,6,0.0,49,0.0
conv_ai_ai_freeform_persona_claudesonnet4_grok41fast_F3_1775424909,ai_ai_freeform_persona,7,1.0753,93,0.0
conv_ai_ai_freeform_persona_claudesonnet4_grok41fast_F3_1775424909,ai_ai_freeform_persona,8,0.0,52,0.0
conv_ai_ai_freeform_persona_claudesonnet4_grok41fast_F3_1775424909,ai_ai_freeform_persona,9,0.0,107,0.0
conv_ai_ai_freeform_persona_claudesonnet4_grok41fast_F3_1775424909,ai_ai_freeform_persona,10,0.0,60,0.0
conv_ai_ai_freeform_persona_claudesonnet4_grok41fast_F3_1775424909,ai_ai_freeform_persona,11,0.8696,115,0.0
conv_ai_ai_freeform_persona_claudesonnet4_grok41fast_F3_1775424909,ai_ai_freeform_persona,12,0.0,59,0.0
conv_ai_ai_freeform_persona_claudesonnet4_grok41fast_F3_1775424909,ai_ai_freeform_persona,13,1.5625,128,0.0042
conv_ai_ai_freeform_persona_claudesonnet4_grok41fast_F3_1775424909,ai_ai_freeform_persona,14,0.0,65,0.0084
conv_ai_ai_freeform_persona_claudesonnet4_grok41fast_F3_1775424909,ai_ai_freeform_persona,15,0.0,126,0.004
conv_ai_ai_freeform_persona_claudesonnet4_grok41fast_F3_1775424909,ai_ai_freeform_persona,16,0.0,55,0.0
conv_ai_ai_freeform_persona_claudesonnet4_grok41fast_F3_1775424909,ai_ai_freeform_persona,17,0.6803,147,0.0
conv_ai_ai_freeform_persona_claudesonnet4_grok41fast_F3_1775424909,ai_ai_freeform_persona,18,0.0,65,0.0
conv_ai_ai_freeform_persona_claudesonnet4_grok41fast_F3_1775424909,ai_ai_freeform_persona,19,0.7143,140,0.0035
conv_ai_ai_freeform_persona_claudesonnet4_grok41fast_F3_1775424909,ai_ai_freeform_persona,20,0.0,60,0.0
conv_ai_ai_freeform_persona_claudesonnet4_grok41fast_F5_1775425024,ai_ai_freeform_persona,2,0.0,36,0.0
conv_ai_ai_freeform_persona_claudesonnet4_grok41fast_F5_1775425024,ai_ai_freeform_persona,3,1.6949,59,0.0
conv_ai_ai_freeform_persona_claudesonnet4_grok41fast_F5_1775425024,ai_ai_freeform_persona,4,0.0,62,0.0
conv_ai_ai_freeform_persona_claudesonnet4_grok41fast_F5_1775425024,ai_ai_freeform_persona,5,1.25,80,0.0
conv_ai_ai_freeform_persona_claudesonnet4_grok41fast_F5_1775425024,ai_ai_freeform_persona,6,0.0,65,0.0
conv_ai_ai_freeform_persona_claudesonnet4_grok41fast_F5_1775425024,ai_ai_freeform_persona,7,0.0,97,0.0
conv_ai_ai_freeform_persona_claudesonnet4_grok41fast_F5_1775425024,ai_ai_freeform_persona,8,0.0,74,0.0
conv_ai_ai_freeform_persona_claudesonnet4_grok41fast_F5_1775425024,ai_ai_freeform_persona,9,0.0,97,0.0053
conv_ai_ai_freeform_persona_claudesonnet4_grok41fast_F5_1775425024,ai_ai_freeform_persona,10,0.0,78,0.0
conv_ai_ai_freeform_persona_claudesonnet4_grok41fast_F5_1775425024,ai_ai_freeform_persona,11,0.0,98,0.0053
conv_ai_ai_freeform_persona_claudesonnet4_grok41fast_F5_1775425024,ai_ai_freeform_persona,12,0.0,55,0.0
conv_ai_ai_freeform_persona_claudesonnet4_grok41fast_F5_1775425024,ai_ai_freeform_persona,13,0.9524,105,0.0
conv_ai_ai_freeform_persona_claudesonnet4_grok41fast_F5_1775425024,ai_ai_freeform_persona,14,0.0,60,0.0
conv_ai_ai_freeform_persona_claudesonnet4_grok41fast_F5_1775425024,ai_ai_freeform_persona,15,0.8547,117,0.014
conv_ai_ai_freeform_persona_claudesonnet4_grok41fast_F5_1775425024,ai_ai_freeform_persona,16,0.0,52,0.0
conv_ai_ai_freeform_persona_claudesonnet4_grok41fast_F5_1775425024,ai_ai_freeform_persona,17,0.9434,106,0.0
conv_ai_ai_freeform_persona_claudesonnet4_grok41fast_F5_1775425024,ai_ai_freeform_persona,18,0.0,56,0.0
conv_ai_ai_freeform_persona_claudesonnet4_grok41fast_F5_1775425024,ai_ai_freeform_persona,19,0.8,125,0.0
conv_ai_ai_freeform_persona_claudesonnet4_grok41fast_F5_1775425024,ai_ai_freeform_persona,20,0.0,52,0.0
conv_ai_ai_freeform_persona_gemini25flash_grok41fast_F1_1775425610,ai_ai_freeform_persona,2,0.0,22,0.0
conv_ai_ai_freeform_persona_gemini25flash_grok41fast_F1_1775425610,ai_ai_freeform_persona,3,0.0,48,0.0
conv_ai_ai_freeform_persona_gemini25flash_grok41fast_F1_1775425610,ai_ai_freeform_persona,4,0.0,23,0.0
conv_ai_ai_freeform_persona_gemini25flash_grok41fast_F1_1775425610,ai_ai_freeform_persona,5,3.2258,62,0.0
conv_ai_ai_freeform_persona_gemini25flash_grok41fast_F1_1775425610,ai_ai_freeform_persona,6,0.0,31,0.0
conv_ai_ai_freeform_persona_gemini25flash_grok41fast_F1_1775425610,ai_ai_freeform_persona,7,0.0,79,0.0
conv_ai_ai_freeform_persona_gemini25flash_grok41fast_F1_1775425610,ai_ai_freeform_persona,8,0.0,39,0.0
conv_ai_ai_freeform_persona_gemini25flash_grok41fast_F1_1775425610,ai_ai_freeform_persona,9,0.0,72,0.0068
conv_ai_ai_freeform_persona_gemini25flash_grok41fast_F1_1775425610,ai_ai_freeform_persona,10,0.0,30,0.0
conv_ai_ai_freeform_persona_gemini25flash_grok41fast_F1_1775425610,ai_ai_freeform_persona,11,0.0,106,0.0
conv_ai_ai_freeform_persona_gemini25flash_grok41fast_F1_1775425610,ai_ai_freeform_persona,12,0.0,44,0.0
conv_ai_ai_freeform_persona_gemini25flash_grok41fast_F1_1775425610,ai_ai_freeform_persona,13,0.9804,102,0.0149
conv_ai_ai_freeform_persona_gemini25flash_grok41fast_F1_1775425610,ai_ai_freeform_persona,14,0.0,39,0.0
conv_ai_ai_freeform_persona_gemini25flash_grok41fast_F1_1775425610,ai_ai_freeform_persona,15,3.6585,82,0.0
conv_ai_ai_freeform_persona_gemini25flash_grok41fast_F1_1775425610,ai_ai_freeform_persona,16,0.0,35,0.0
conv_ai_ai_freeform_persona_gemini25flash_grok41fast_F1_1775425610,ai_ai_freeform_persona,17,0.0,59,0.0
conv_ai_ai_freeform_persona_gemini25flash_grok41fast_F1_1775425610,ai_ai_freeform_persona,18,0.0,31,0.0
conv_ai_ai_freeform_persona_gemini25flash_grok41fast_F1_1775425610,ai_ai_freeform_persona,19,0.0,73,0.0
conv_ai_ai_freeform_persona_gemini25flash_grok41fast_F1_1775425610,ai_ai_freeform_persona,20,0.0,24,0.0
conv_ai_ai_freeform_persona_gemini25flash_grok41fast_F2_1775425536,ai_ai_freeform_persona,2,0.0,38,0.0
conv_ai_ai_freeform_persona_gemini25flash_grok41fast_F2_1775425536,ai_ai_freeform_persona,3,0.0,57,0.0
conv_ai_ai_freeform_persona_gemini25flash_grok41fast_F2_1775425536,ai_ai_freeform_persona,4,0.0,44,0.013
conv_ai_ai_freeform_persona_gemini25flash_grok41fast_F2_1775425536,ai_ai_freeform_persona,5,3.2258,62,0.0
conv_ai_ai_freeform_persona_gemini25flash_grok41fast_F2_1775425536,ai_ai_freeform_persona,6,0.0,50,0.0
conv_ai_ai_freeform_persona_gemini25flash_grok41fast_F2_1775425536,ai_ai_freeform_persona,7,0.0,73,0.0
conv_ai_ai_freeform_persona_gemini25flash_grok41fast_F2_1775425536,ai_ai_freeform_persona,8,0.0,47,0.0
conv_ai_ai_freeform_persona_gemini25flash_grok41fast_F2_1775425536,ai_ai_freeform_persona,9,0.0,66,0.0
conv_ai_ai_freeform_persona_gemini25flash_grok41fast_F2_1775425536,ai_ai_freeform_persona,10,0.0,37,0.0
conv_ai_ai_freeform_persona_gemini25flash_grok41fast_F2_1775425536,ai_ai_freeform_persona,11,0.0,85,0.0
conv_ai_ai_freeform_persona_gemini25flash_grok41fast_F2_1775425536,ai_ai_freeform_persona,12,0.0,47,0.0
conv_ai_ai_freeform_persona_gemini25flash_grok41fast_F2_1775425536,ai_ai_freeform_persona,13,0.0,74,0.0065
conv_ai_ai_freeform_persona_gemini25flash_grok41fast_F2_1775425536,ai_ai_freeform_persona,14,0.0,45,0.0
conv_ai_ai_freeform_persona_gemini25flash_grok41fast_F2_1775425536,ai_ai_freeform_persona,15,2.459,122,0.0052
conv_ai_ai_freeform_persona_gemini25flash_grok41fast_F2_1775425536,ai_ai_freeform_persona,16,0.0,56,0.0
conv_ai_ai_freeform_persona_gemini25flash_grok41fast_F2_1775425536,ai_ai_freeform_persona,17,0.0,110,0.0
conv_ai_ai_freeform_persona_gemini25flash_grok41fast_F2_1775425536,ai_ai_freeform_persona,18,0.0,43,0.0
conv_ai_ai_freeform_persona_gemini25flash_grok41fast_F2_1775425536,ai_ai_freeform_persona,19,0.0,104,0.0096
conv_ai_ai_freeform_persona_gemini25flash_grok41fast_F2_1775425536,ai_ai_freeform_persona,20,0.0,48,0.0
conv_ai_ai_freeform_persona_gemini25flash_grok41fast_F4_1775425470,ai_ai_freeform_persona,2,0.0,45,0.0
conv_ai_ai_freeform_persona_gemini25flash_grok41fast_F4_1775425470,ai_ai_freeform_persona,3,1.8182,55,0.0
conv_ai_ai_freeform_persona_gemini25flash_grok41fast_F4_1775425470,ai_ai_freeform_persona,4,0.0,65,0.0
conv_ai_ai_freeform_persona_gemini25flash_grok41fast_F4_1775425470,ai_ai_freeform_persona,5,0.0,49,0.0
conv_ai_ai_freeform_persona_gemini25flash_grok41fast_F4_1775425470,ai_ai_freeform_persona,6,0.0,38,0.0
conv_ai_ai_freeform_persona_gemini25flash_grok41fast_F4_1775425470,ai_ai_freeform_persona,7,0.0,43,0.0
conv_ai_ai_freeform_persona_gemini25flash_grok41fast_F4_1775425470,ai_ai_freeform_persona,8,0.0,51,0.0
conv_ai_ai_freeform_persona_gemini25flash_grok41fast_F4_1775425470,ai_ai_freeform_persona,9,0.0,59,0.0
conv_ai_ai_freeform_persona_gemini25flash_grok41fast_F4_1775425470,ai_ai_freeform_persona,10,0.0,36,0.0122
conv_ai_ai_freeform_persona_gemini25flash_grok41fast_F4_1775425470,ai_ai_freeform_persona,11,2.2727,44,0.0
conv_ai_ai_freeform_persona_gemini25flash_grok41fast_F4_1775425470,ai_ai_freeform_persona,12,0.0,32,0.0
conv_ai_ai_freeform_persona_gemini25flash_grok41fast_F4_1775425470,ai_ai_freeform_persona,13,2.7778,36,0.0
conv_ai_ai_freeform_persona_gemini25flash_grok41fast_F4_1775425470,ai_ai_freeform_persona,14,0.0,26,0.0588
conv_ai_ai_freeform_persona_gemini25flash_grok41fast_F4_1775425470,ai_ai_freeform_persona,15,0.0,30,0.0
conv_ai_ai_freeform_persona_gemini25flash_grok41fast_F4_1775425470,ai_ai_freeform_persona,16,0.0,21,0.0
conv_ai_ai_freeform_persona_gemini25flash_grok41fast_F4_1775425470,ai_ai_freeform_persona,17,0.0,27,0.0
conv_ai_ai_freeform_persona_gemini25flash_grok41fast_F4_1775425470,ai_ai_freeform_persona,18,0.0,23,0.0
conv_ai_ai_freeform_persona_gemini25flash_grok41fast_F4_1775425470,ai_ai_freeform_persona,19,0.0,35,0.0
conv_ai_ai_freeform_persona_gemini25flash_grok41fast_F4_1775425470,ai_ai_freeform_persona,20,0.0,15,0.0
conv_ai_ai_freeform_persona_gpt54_claudesonnet4_F1_1775423860,ai_ai_freeform_persona,2,0.0,37,0.0
conv_ai_ai_freeform_persona_gpt54_claudesonnet4_F1_1775423860,ai_ai_freeform_persona,3,1.6667,60,0.0
conv_ai_ai_freeform_persona_gpt54_claudesonnet4_F1_1775423860,ai_ai_freeform_persona,4,0.0,80,0.0
conv_ai_ai_freeform_persona_gpt54_claudesonnet4_F1_1775423860,ai_ai_freeform_persona,5,0.9346,107,0.0
conv_ai_ai_freeform_persona_gpt54_claudesonnet4_F1_1775423860,ai_ai_freeform_persona,6,0.0,118,0.0052
conv_ai_ai_freeform_persona_gpt54_claudesonnet4_F1_1775423860,ai_ai_freeform_persona,7,1.8018,111,0.0142
conv_ai_ai_freeform_persona_gpt54_claudesonnet4_F1_1775423860,ai_ai_freeform_persona,8,0.8,125,0.0
conv_ai_ai_freeform_persona_gpt54_claudesonnet4_F1_1775423860,ai_ai_freeform_persona,9,1.087,92,0.0155
conv_ai_ai_freeform_persona_gpt54_claudesonnet4_F1_1775423860,ai_ai_freeform_persona,10,1.6807,119,0.0
conv_ai_ai_freeform_persona_gpt54_claudesonnet4_F1_1775423860,ai_ai_freeform_persona,11,0.9524,105,0.0
conv_ai_ai_freeform_persona_gpt54_claudesonnet4_F1_1775423860,ai_ai_freeform_persona,12,0.7092,141,0.0
conv_ai_ai_freeform_persona_gpt54_claudesonnet4_F1_1775423860,ai_ai_freeform_persona,13,0.9804,102,0.005
conv_ai_ai_freeform_persona_gpt54_claudesonnet4_F1_1775423860,ai_ai_freeform_persona,14,0.0,140,0.0
conv_ai_ai_freeform_persona_gpt54_claudesonnet4_F1_1775423860,ai_ai_freeform_persona,15,0.0,117,0.0
conv_ai_ai_freeform_persona_gpt54_claudesonnet4_F1_1775423860,ai_ai_freeform_persona,16,2.1898,137,0.0037
conv_ai_ai_freeform_persona_gpt54_claudesonnet4_F1_1775423860,ai_ai_freeform_persona,17,2.4691,81,0.0
conv_ai_ai_freeform_persona_gpt54_claudesonnet4_F1_1775423860,ai_ai_freeform_persona,18,1.2987,77,0.0
conv_ai_ai_freeform_persona_gpt54_claudesonnet4_F1_1775423860,ai_ai_freeform_persona,19,2.9412,34,0.0
conv_ai_ai_freeform_persona_gpt54_claudesonnet4_F1_1775423860,ai_ai_freeform_persona,20,0.0,19,0.0
conv_ai_ai_freeform_persona_gpt54_claudesonnet4_F2_1775423755,ai_ai_freeform_persona,2,0.0,56,0.0
conv_ai_ai_freeform_persona_gpt54_claudesonnet4_F2_1775423755,ai_ai_freeform_persona,3,0.0,89,0.0
conv_ai_ai_freeform_persona_gpt54_claudesonnet4_F2_1775423755,ai_ai_freeform_persona,4,0.9615,104,0.0
conv_ai_ai_freeform_persona_gpt54_claudesonnet4_F2_1775423755,ai_ai_freeform_persona,5,0.0,75,0.0
conv_ai_ai_freeform_persona_gpt54_claudesonnet4_F2_1775423755,ai_ai_freeform_persona,6,1.0101,99,0.0051
conv_ai_ai_freeform_persona_gpt54_claudesonnet4_F2_1775423755,ai_ai_freeform_persona,7,2.3529,85,0.0
conv_ai_ai_freeform_persona_gpt54_claudesonnet4_F2_1775423755,ai_ai_freeform_persona,8,0.9009,111,0.0
conv_ai_ai_freeform_persona_gpt54_claudesonnet4_F2_1775423755,ai_ai_freeform_persona,9,1.3514,74,0.0
conv_ai_ai_freeform_persona_gpt54_claudesonnet4_F2_1775423755,ai_ai_freeform_persona,10,0.0,103,0.0
conv_ai_ai_freeform_persona_gpt54_claudesonnet4_F2_1775423755,ai_ai_freeform_persona,11,1.3333,75,0.0
conv_ai_ai_freeform_persona_gpt54_claudesonnet4_F2_1775423755,ai_ai_freeform_persona,12,0.0,109,0.0
conv_ai_ai_freeform_persona_gpt54_claudesonnet4_F2_1775423755,ai_ai_freeform_persona,13,0.0,77,0.0
conv_ai_ai_freeform_persona_gpt54_claudesonnet4_F2_1775423755,ai_ai_freeform_persona,14,0.0,66,0.0
conv_ai_ai_freeform_persona_gpt54_claudesonnet4_F2_1775423755,ai_ai_freeform_persona,15,0.0,42,0.0
conv_ai_ai_freeform_persona_gpt54_claudesonnet4_F2_1775423755,ai_ai_freeform_persona,16,2.439,41,0.0
conv_ai_ai_freeform_persona_gpt54_claudesonnet4_F2_1775423755,ai_ai_freeform_persona,17,0.0,29,0.0
conv_ai_ai_freeform_persona_gpt54_claudesonnet4_F2_1775423755,ai_ai_freeform_persona,18,0.0,25,0.0
conv_ai_ai_freeform_persona_gpt54_claudesonnet4_F2_1775423755,ai_ai_freeform_persona,19,0.0,7,0.0
conv_ai_ai_freeform_persona_gpt54_claudesonnet4_F2_1775423755,ai_ai_freeform_persona,20,0.0,5,0.0
conv_ai_ai_freeform_persona_gpt54_claudesonnet4_F4_1775423636,ai_ai_freeform_persona,2,0.0,65,0.0
conv_ai_ai_freeform_persona_gpt54_claudesonnet4_F4_1775423636,ai_ai_freeform_persona,3,1.1628,86,0.0
conv_ai_ai_freeform_persona_gpt54_claudesonnet4_F4_1775423636,ai_ai_freeform_persona,4,1.8182,110,0.0
conv_ai_ai_freeform_persona_gpt54_claudesonnet4_F4_1775423636,ai_ai_freeform_persona,5,1.9231,104,0.0
conv_ai_ai_freeform_persona_gpt54_claudesonnet4_F4_1775423636,ai_ai_freeform_persona,6,1.3699,146,0.0
conv_ai_ai_freeform_persona_gpt54_claudesonnet4_F4_1775423636,ai_ai_freeform_persona,7,0.6098,164,0.0
conv_ai_ai_freeform_persona_gpt54_claudesonnet4_F4_1775423636,ai_ai_freeform_persona,8,1.25,160,0.0
conv_ai_ai_freeform_persona_gpt54_claudesonnet4_F4_1775423636,ai_ai_freeform_persona,9,0.0,117,0.0
conv_ai_ai_freeform_persona_gpt54_claudesonnet4_F4_1775423636,ai_ai_freeform_persona,10,0.5988,167,0.0031
conv_ai_ai_freeform_persona_gpt54_claudesonnet4_F4_1775423636,ai_ai_freeform_persona,11,0.0,111,0.0
conv_ai_ai_freeform_persona_gpt54_claudesonnet4_F4_1775423636,ai_ai_freeform_persona,12,0.5952,168,0.0
conv_ai_ai_freeform_persona_gpt54_claudesonnet4_F4_1775423636,ai_ai_freeform_persona,13,0.0,135,0.0
conv_ai_ai_freeform_persona_gpt54_claudesonnet4_F4_1775423636,ai_ai_freeform_persona,14,1.1429,175,0.0089
conv_ai_ai_freeform_persona_gpt54_claudesonnet4_F4_1775423636,ai_ai_freeform_persona,15,0.0,124,0.0
conv_ai_ai_freeform_persona_gpt54_claudesonnet4_F4_1775423636,ai_ai_freeform_persona,16,0.0,148,0.0
conv_ai_ai_freeform_persona_gpt54_claudesonnet4_F4_1775423636,ai_ai_freeform_persona,17,0.0,81,0.0
conv_ai_ai_freeform_persona_gpt54_claudesonnet4_F4_1775423636,ai_ai_freeform_persona,18,0.0,101,0.0124
conv_ai_ai_freeform_persona_gpt54_claudesonnet4_F4_1775423636,ai_ai_freeform_persona,19,0.0,51,0.0
conv_ai_ai_freeform_persona_gpt54_claudesonnet4_F4_1775423636,ai_ai_freeform_persona,20,0.0,51,0.0
conv_ai_ai_freeform_persona_gpt54_gemini25flash_F2_1775424000,ai_ai_freeform_persona,2,0.0,43,0.0
conv_ai_ai_freeform_persona_gpt54_gemini25flash_F2_1775424000,ai_ai_freeform_persona,3,0.0,59,0.0
conv_ai_ai_freeform_persona_gpt54_gemini25flash_F2_1775424000,ai_ai_freeform_persona,4,0.0,58,0.0
conv_ai_ai_freeform_persona_gpt54_gemini25flash_F2_1775424000,ai_ai_freeform_persona,5,1.3333,75,0.0
conv_ai_ai_freeform_persona_gpt54_gemini25flash_F2_1775424000,ai_ai_freeform_persona,6,0.0,42,0.0
conv_ai_ai_freeform_persona_gpt54_gemini25flash_F2_1775424000,ai_ai_freeform_persona,7,1.0526,95,0.0
conv_ai_ai_freeform_persona_gpt54_gemini25flash_F2_1775424000,ai_ai_freeform_persona,8,1.6129,62,0.0
conv_ai_ai_freeform_persona_gpt54_gemini25flash_F2_1775424000,ai_ai_freeform_persona,9,1.0417,96,0.0
conv_ai_ai_freeform_persona_gpt54_gemini25flash_F2_1775424000,ai_ai_freeform_persona,10,1.5625,64,0.0
conv_ai_ai_freeform_persona_gpt54_gemini25flash_F2_1775424000,ai_ai_freeform_persona,11,2.8571,70,0.0125
conv_ai_ai_freeform_persona_gpt54_gemini25flash_F2_1775424000,ai_ai_freeform_persona,12,0.0,62,0.0083
conv_ai_ai_freeform_persona_gpt54_gemini25flash_F2_1775424000,ai_ai_freeform_persona,13,1.0204,98,0.0
conv_ai_ai_freeform_persona_gpt54_gemini25flash_F2_1775424000,ai_ai_freeform_persona,14,1.5152,66,0.0
conv_ai_ai_freeform_persona_gpt54_gemini25flash_F2_1775424000,ai_ai_freeform_persona,15,1.1111,90,0.0
conv_ai_ai_freeform_persona_gpt54_gemini25flash_F2_1775424000,ai_ai_freeform_persona,16,2.0,50,0.0
conv_ai_ai_freeform_persona_gpt54_gemini25flash_F2_1775424000,ai_ai_freeform_persona,17,0.0,71,0.0
conv_ai_ai_freeform_persona_gpt54_gemini25flash_F2_1775424000,ai_ai_freeform_persona,18,0.0,45,0.0706
conv_ai_ai_freeform_persona_gpt54_gemini25flash_F2_1775424000,ai_ai_freeform_persona,19,1.3158,76,0.0142
conv_ai_ai_freeform_persona_gpt54_gemini25flash_F2_1775424000,ai_ai_freeform_persona,20,0.0,45,0.0
conv_ai_ai_freeform_persona_gpt54_gemini25flash_F4_1775424122,ai_ai_freeform_persona,2,0.0,47,0.0
conv_ai_ai_freeform_persona_gpt54_gemini25flash_F4_1775424122,ai_ai_freeform_persona,3,1.9231,52,0.0
conv_ai_ai_freeform_persona_gpt54_gemini25flash_F4_1775424122,ai_ai_freeform_persona,4,1.6667,60,0.0
conv_ai_ai_freeform_persona_gpt54_gemini25flash_F4_1775424122,ai_ai_freeform_persona,5,0.0,69,0.0
conv_ai_ai_freeform_persona_gpt54_gemini25flash_F4_1775424122,ai_ai_freeform_persona,6,0.0,68,0.0
conv_ai_ai_freeform_persona_gpt54_gemini25flash_F4_1775424122,ai_ai_freeform_persona,7,2.0408,49,0.0
conv_ai_ai_freeform_persona_gpt54_gemini25flash_F4_1775424122,ai_ai_freeform_persona,8,0.0,56,0.0
conv_ai_ai_freeform_persona_gpt54_gemini25flash_F4_1775424122,ai_ai_freeform_persona,9,3.7037,54,0.0
conv_ai_ai_freeform_persona_gpt54_gemini25flash_F4_1775424122,ai_ai_freeform_persona,10,0.0,60,0.0
conv_ai_ai_freeform_persona_gpt54_gemini25flash_F4_1775424122,ai_ai_freeform_persona,11,1.8519,54,0.0097
conv_ai_ai_freeform_persona_gpt54_gemini25flash_F4_1775424122,ai_ai_freeform_persona,12,0.0,61,0.0
conv_ai_ai_freeform_persona_gpt54_gemini25flash_F4_1775424122,ai_ai_freeform_persona,13,5.7692,52,0.0
conv_ai_ai_freeform_persona_gpt54_gemini25flash_F4_1775424122,ai_ai_freeform_persona,14,0.0,67,0.0248
conv_ai_ai_freeform_persona_gpt54_gemini25flash_F4_1775424122,ai_ai_freeform_persona,15,1.6667,60,0.0
conv_ai_ai_freeform_persona_gpt54_gemini25flash_F4_1775424122,ai_ai_freeform_persona,16,0.0,80,0.0
conv_ai_ai_freeform_persona_gpt54_gemini25flash_F4_1775424122,ai_ai_freeform_persona,17,0.0,46,0.0
conv_ai_ai_freeform_persona_gpt54_gemini25flash_F4_1775424122,ai_ai_freeform_persona,18,0.0,60,0.0074
conv_ai_ai_freeform_persona_gpt54_gemini25flash_F4_1775424122,ai_ai_freeform_persona,19,3.8462,52,0.0
conv_ai_ai_freeform_persona_gpt54_gemini25flash_F4_1775424122,ai_ai_freeform_persona,20,1.5625,64,0.0
conv_ai_ai_freeform_persona_gpt54_gemini25flash_F5_1775424063,ai_ai_freeform_persona,2,0.0,29,0.0
conv_ai_ai_freeform_persona_gpt54_gemini25flash_F5_1775424063,ai_ai_freeform_persona,3,0.0,39,0.0
conv_ai_ai_freeform_persona_gpt54_gemini25flash_F5_1775424063,ai_ai_freeform_persona,4,0.0,38,0.0
conv_ai_ai_freeform_persona_gpt54_gemini25flash_F5_1775424063,ai_ai_freeform_persona,5,0.0,36,0.0
conv_ai_ai_freeform_persona_gpt54_gemini25flash_F5_1775424063,ai_ai_freeform_persona,6,1.5385,65,0.0
conv_ai_ai_freeform_persona_gpt54_gemini25flash_F5_1775424063,ai_ai_freeform_persona,7,0.0,46,0.013
conv_ai_ai_freeform_persona_gpt54_gemini25flash_F5_1775424063,ai_ai_freeform_persona,8,1.0638,94,0.0065
conv_ai_ai_freeform_persona_gpt54_gemini25flash_F5_1775424063,ai_ai_freeform_persona,9,2.1277,47,0.0
conv_ai_ai_freeform_persona_gpt54_gemini25flash_F5_1775424063,ai_ai_freeform_persona,10,2.1739,92,0.0
conv_ai_ai_freeform_persona_gpt54_gemini25flash_F5_1775424063,ai_ai_freeform_persona,11,3.8462,52,0.0106
conv_ai_ai_freeform_persona_gpt54_gemini25flash_F5_1775424063,ai_ai_freeform_persona,12,0.0,65,0.0
conv_ai_ai_freeform_persona_gpt54_gemini25flash_F5_1775424063,ai_ai_freeform_persona,13,0.0,43,0.0
conv_ai_ai_freeform_persona_gpt54_gemini25flash_F5_1775424063,ai_ai_freeform_persona,14,2.4096,83,0.0
conv_ai_ai_freeform_persona_gpt54_gemini25flash_F5_1775424063,ai_ai_freeform_persona,15,0.0,32,0.0
conv_ai_ai_freeform_persona_gpt54_gemini25flash_F5_1775424063,ai_ai_freeform_persona,16,4.6154,65,0.007
conv_ai_ai_freeform_persona_gpt54_gemini25flash_F5_1775424063,ai_ai_freeform_persona,17,2.0833,48,0.027
conv_ai_ai_freeform_persona_gpt54_gemini25flash_F5_1775424063,ai_ai_freeform_persona,18,2.5974,77,0.0
conv_ai_ai_freeform_persona_gpt54_gemini25flash_F5_1775424063,ai_ai_freeform_persona,19,0.0,42,0.0
conv_ai_ai_freeform_persona_gpt54_gemini25flash_F5_1775424063,ai_ai_freeform_persona,20,1.3158,76,0.0
conv_ai_ai_freeform_persona_gpt54_grok41fast_F2_1775424182,ai_ai_freeform_persona,2,0.0,34,0.0
conv_ai_ai_freeform_persona_gpt54_grok41fast_F2_1775424182,ai_ai_freeform_persona,3,1.1494,87,0.0
conv_ai_ai_freeform_persona_gpt54_grok41fast_F2_1775424182,ai_ai_freeform_persona,4,0.0,49,0.0
conv_ai_ai_freeform_persona_gpt54_grok41fast_F2_1775424182,ai_ai_freeform_persona,5,2.5,80,0.0
conv_ai_ai_freeform_persona_gpt54_grok41fast_F2_1775424182,ai_ai_freeform_persona,6,1.5625,64,0.0
conv_ai_ai_freeform_persona_gpt54_grok41fast_F2_1775424182,ai_ai_freeform_persona,7,1.3699,73,0.0
conv_ai_ai_freeform_persona_gpt54_grok41fast_F2_1775424182,ai_ai_freeform_persona,8,0.0,59,0.0
conv_ai_ai_freeform_persona_gpt54_grok41fast_F2_1775424182,ai_ai_freeform_persona,9,0.0,73,0.0
conv_ai_ai_freeform_persona_gpt54_grok41fast_F2_1775424182,ai_ai_freeform_persona,10,0.0,58,0.0
conv_ai_ai_freeform_persona_gpt54_grok41fast_F2_1775424182,ai_ai_freeform_persona,11,2.5974,77,0.0069
conv_ai_ai_freeform_persona_gpt54_grok41fast_F2_1775424182,ai_ai_freeform_persona,12,0.0,57,0.0
conv_ai_ai_freeform_persona_gpt54_grok41fast_F2_1775424182,ai_ai_freeform_persona,13,0.0,82,0.0
conv_ai_ai_freeform_persona_gpt54_grok41fast_F2_1775424182,ai_ai_freeform_persona,14,0.0,60,0.0
conv_ai_ai_freeform_persona_gpt54_grok41fast_F2_1775424182,ai_ai_freeform_persona,15,1.1111,90,0.0
conv_ai_ai_freeform_persona_gpt54_grok41fast_F2_1775424182,ai_ai_freeform_persona,16,0.0,63,0.0085
conv_ai_ai_freeform_persona_gpt54_grok41fast_F2_1775424182,ai_ai_freeform_persona,17,0.0,113,0.0
conv_ai_ai_freeform_persona_gpt54_grok41fast_F2_1775424182,ai_ai_freeform_persona,18,0.0,52,0.0
conv_ai_ai_freeform_persona_gpt54_grok41fast_F2_1775424182,ai_ai_freeform_persona,19,0.0,83,0.0
conv_ai_ai_freeform_persona_gpt54_grok41fast_F2_1775424182,ai_ai_freeform_persona,20,0.0,50,0.0
conv_ai_ai_freeform_persona_gpt54_grok41fast_F3_1775424338,ai_ai_freeform_persona,2,0.0,44,0.0
conv_ai_ai_freeform_persona_gpt54_grok41fast_F3_1775424338,ai_ai_freeform_persona,3,0.0,55,0.0
conv_ai_ai_freeform_persona_gpt54_grok41fast_F3_1775424338,ai_ai_freeform_persona,4,0.0,35,0.0
conv_ai_ai_freeform_persona_gpt54_grok41fast_F3_1775424338,ai_ai_freeform_persona,5,2.1739,46,0.0
conv_ai_ai_freeform_persona_gpt54_grok41fast_F3_1775424338,ai_ai_freeform_persona,6,0.0,52,0.0247
conv_ai_ai_freeform_persona_gpt54_grok41fast_F3_1775424338,ai_ai_freeform_persona,7,0.0,58,0.0
conv_ai_ai_freeform_persona_gpt54_grok41fast_F3_1775424338,ai_ai_freeform_persona,8,0.0,48,0.0
conv_ai_ai_freeform_persona_gpt54_grok41fast_F3_1775424338,ai_ai_freeform_persona,9,0.0,60,0.0
conv_ai_ai_freeform_persona_gpt54_grok41fast_F3_1775424338,ai_ai_freeform_persona,10,0.0,46,0.0
conv_ai_ai_freeform_persona_gpt54_grok41fast_F3_1775424338,ai_ai_freeform_persona,11,4.0,50,0.0
conv_ai_ai_freeform_persona_gpt54_grok41fast_F3_1775424338,ai_ai_freeform_persona,12,0.0,51,0.0
conv_ai_ai_freeform_persona_gpt54_grok41fast_F3_1775424338,ai_ai_freeform_persona,13,0.0,35,0.0
conv_ai_ai_freeform_persona_gpt54_grok41fast_F3_1775424338,ai_ai_freeform_persona,14,0.0,32,0.0
conv_ai_ai_freeform_persona_gpt54_grok41fast_F3_1775424338,ai_ai_freeform_persona,15,1.6129,62,0.0
conv_ai_ai_freeform_persona_gpt54_grok41fast_F3_1775424338,ai_ai_freeform_persona,16,0.0,45,0.0
conv_ai_ai_freeform_persona_gpt54_grok41fast_F3_1775424338,ai_ai_freeform_persona,17,0.0,61,0.0
conv_ai_ai_freeform_persona_gpt54_grok41fast_F3_1775424338,ai_ai_freeform_persona,18,0.0,43,0.0
conv_ai_ai_freeform_persona_gpt54_grok41fast_F3_1775424338,ai_ai_freeform_persona,19,2.2222,45,0.0
conv_ai_ai_freeform_persona_gpt54_grok41fast_F3_1775424338,ai_ai_freeform_persona,20,0.0,29,0.0
conv_ai_ai_freeform_persona_gpt54_grok41fast_F5_1775424263,ai_ai_freeform_persona,2,0.0,21,0.0
conv_ai_ai_freeform_persona_gpt54_grok41fast_F5_1775424263,ai_ai_freeform_persona,3,1.8868,53,0.0
conv_ai_ai_freeform_persona_gpt54_grok41fast_F5_1775424263,ai_ai_freeform_persona,4,0.0,38,0.0
conv_ai_ai_freeform_persona_gpt54_grok41fast_F5_1775424263,ai_ai_freeform_persona,5,0.0,51,0.0
conv_ai_ai_freeform_persona_gpt54_grok41fast_F5_1775424263,ai_ai_freeform_persona,6,0.0,43,0.0
conv_ai_ai_freeform_persona_gpt54_grok41fast_F5_1775424263,ai_ai_freeform_persona,7,1.4493,69,0.0
conv_ai_ai_freeform_persona_gpt54_grok41fast_F5_1775424263,ai_ai_freeform_persona,8,0.0,45,0.0
conv_ai_ai_freeform_persona_gpt54_grok41fast_F5_1775424263,ai_ai_freeform_persona,9,1.3889,72,0.0
conv_ai_ai_freeform_persona_gpt54_grok41fast_F5_1775424263,ai_ai_freeform_persona,10,0.0,64,0.0
conv_ai_ai_freeform_persona_gpt54_grok41fast_F5_1775424263,ai_ai_freeform_persona,11,1.5873,63,0.0
conv_ai_ai_freeform_persona_gpt54_grok41fast_F5_1775424263,ai_ai_freeform_persona,12,0.0,53,0.0
conv_ai_ai_freeform_persona_gpt54_grok41fast_F5_1775424263,ai_ai_freeform_persona,13,1.5873,63,0.0
conv_ai_ai_freeform_persona_gpt54_grok41fast_F5_1775424263,ai_ai_freeform_persona,14,0.0,42,0.0
conv_ai_ai_freeform_persona_gpt54_grok41fast_F5_1775424263,ai_ai_freeform_persona,15,0.0,45,0.0
conv_ai_ai_freeform_persona_gpt54_grok41fast_F5_1775424263,ai_ai_freeform_persona,16,2.7778,36,0.0
conv_ai_ai_freeform_persona_gpt54_grok41fast_F5_1775424263,ai_ai_freeform_persona,17,0.0,41,0.0
conv_ai_ai_freeform_persona_gpt54_grok41fast_F5_1775424263,ai_ai_freeform_persona,18,0.0,33,0.0
conv_ai_ai_freeform_persona_gpt54_grok41fast_F5_1775424263,ai_ai_freeform_persona,19,0.0,32,0.0147
conv_ai_ai_freeform_persona_gpt54_grok41fast_F5_1775424263,ai_ai_freeform_persona,20,0.0,24,0.0
conv_ai_ai_freeform_persona_gpt54_llama4scout_F1_1775424409,ai_ai_freeform_persona,2,0.0,33,0.0
conv_ai_ai_freeform_persona_gpt54_llama4scout_F1_1775424409,ai_ai_freeform_persona,3,0.0,51,0.0
conv_ai_ai_freeform_persona_gpt54_llama4scout_F1_1775424409,ai_ai_freeform_persona,4,0.0,56,0.0
conv_ai_ai_freeform_persona_gpt54_llama4scout_F1_1775424409,ai_ai_freeform_persona,5,0.0,73,0.0
conv_ai_ai_freeform_persona_gpt54_llama4scout_F1_1775424409,ai_ai_freeform_persona,6,0.0,69,0.0083
conv_ai_ai_freeform_persona_gpt54_llama4scout_F1_1775424409,ai_ai_freeform_persona,7,0.0,56,0.0
conv_ai_ai_freeform_persona_gpt54_llama4scout_F1_1775424409,ai_ai_freeform_persona,8,2.8571,70,0.0153
conv_ai_ai_freeform_persona_gpt54_llama4scout_F1_1775424409,ai_ai_freeform_persona,9,0.0,59,0.0
conv_ai_ai_freeform_persona_gpt54_llama4scout_F1_1775424409,ai_ai_freeform_persona,10,2.6667,75,0.0221
conv_ai_ai_freeform_persona_gpt54_llama4scout_F1_1775424409,ai_ai_freeform_persona,11,0.0,64,0.0
conv_ai_ai_freeform_persona_gpt54_llama4scout_F1_1775424409,ai_ai_freeform_persona,12,0.0,62,0.0231
conv_ai_ai_freeform_persona_gpt54_llama4scout_F1_1775424409,ai_ai_freeform_persona,13,0.0,43,0.0198
conv_ai_ai_freeform_persona_gpt54_llama4scout_F1_1775424409,ai_ai_freeform_persona,14,0.0,75,0.0076
conv_ai_ai_freeform_persona_gpt54_llama4scout_F1_1775424409,ai_ai_freeform_persona,15,0.0,46,0.0
conv_ai_ai_freeform_persona_gpt54_llama4scout_F1_1775424409,ai_ai_freeform_persona,16,0.0,62,0.0154
conv_ai_ai_freeform_persona_gpt54_llama4scout_F1_1775424409,ai_ai_freeform_persona,17,0.0,44,0.0
conv_ai_ai_freeform_persona_gpt54_llama4scout_F1_1775424409,ai_ai_freeform_persona,18,1.7544,57,0.0088
conv_ai_ai_freeform_persona_gpt54_llama4scout_F1_1775424409,ai_ai_freeform_persona,19,0.0,41,0.0125
conv_ai_ai_freeform_persona_gpt54_llama4scout_F1_1775424409,ai_ai_freeform_persona,20,0.0,45,0.0
conv_ai_ai_freeform_persona_gpt54_llama4scout_F3_1775424454,ai_ai_freeform_persona,2,0.0,52,0.0
conv_ai_ai_freeform_persona_gpt54_llama4scout_F3_1775424454,ai_ai_freeform_persona,3,4.4444,45,0.0
conv_ai_ai_freeform_persona_gpt54_llama4scout_F3_1775424454,ai_ai_freeform_persona,4,0.0,57,0.0294
conv_ai_ai_freeform_persona_gpt54_llama4scout_F3_1775424454,ai_ai_freeform_persona,5,3.6364,55,0.0
conv_ai_ai_freeform_persona_gpt54_llama4scout_F3_1775424454,ai_ai_freeform_persona,6,0.0,71,0.0
conv_ai_ai_freeform_persona_gpt54_llama4scout_F3_1775424454,ai_ai_freeform_persona,7,0.0,41,0.0
conv_ai_ai_freeform_persona_gpt54_llama4scout_F3_1775424454,ai_ai_freeform_persona,8,0.0,56,0.0165
conv_ai_ai_freeform_persona_gpt54_llama4scout_F3_1775424454,ai_ai_freeform_persona,9,0.0,47,0.0
conv_ai_ai_freeform_persona_gpt54_llama4scout_F3_1775424454,ai_ai_freeform_persona,10,3.3333,60,0.0275
conv_ai_ai_freeform_persona_gpt54_llama4scout_F3_1775424454,ai_ai_freeform_persona,11,2.0408,49,0.0
conv_ai_ai_freeform_persona_gpt54_llama4scout_F3_1775424454,ai_ai_freeform_persona,12,1.7544,57,0.0
conv_ai_ai_freeform_persona_gpt54_llama4scout_F3_1775424454,ai_ai_freeform_persona,13,2.1739,46,0.0
conv_ai_ai_freeform_persona_gpt54_llama4scout_F3_1775424454,ai_ai_freeform_persona,14,1.8868,53,0.0
conv_ai_ai_freeform_persona_gpt54_llama4scout_F3_1775424454,ai_ai_freeform_persona,15,0.0,45,0.0
conv_ai_ai_freeform_persona_gpt54_llama4scout_F3_1775424454,ai_ai_freeform_persona,16,0.0,50,0.0
conv_ai_ai_freeform_persona_gpt54_llama4scout_F3_1775424454,ai_ai_freeform_persona,17,0.0,49,0.0
conv_ai_ai_freeform_persona_gpt54_llama4scout_F3_1775424454,ai_ai_freeform_persona,18,0.0,50,0.0549
conv_ai_ai_freeform_persona_gpt54_llama4scout_F3_1775424454,ai_ai_freeform_persona,19,0.0,39,0.0
conv_ai_ai_freeform_persona_gpt54_llama4scout_F3_1775424454,ai_ai_freeform_persona,20,0.0,59,0.0
conv_ai_ai_freeform_persona_gpt54_llama4scout_F5_1775424497,ai_ai_freeform_persona,2,0.0,40,0.0
conv_ai_ai_freeform_persona_gpt54_llama4scout_F5_1775424497,ai_ai_freeform_persona,3,0.0,82,0.0
conv_ai_ai_freeform_persona_gpt54_llama4scout_F5_1775424497,ai_ai_freeform_persona,4,0.0,66,0.0
conv_ai_ai_freeform_persona_gpt54_llama4scout_F5_1775424497,ai_ai_freeform_persona,5,0.0,71,0.0
conv_ai_ai_freeform_persona_gpt54_llama4scout_F5_1775424497,ai_ai_freeform_persona,6,2.0833,48,0.0
conv_ai_ai_freeform_persona_gpt54_llama4scout_F5_1775424497,ai_ai_freeform_persona,7,1.3699,73,0.0
conv_ai_ai_freeform_persona_gpt54_llama4scout_F5_1775424497,ai_ai_freeform_persona,8,1.4286,70,0.027
conv_ai_ai_freeform_persona_gpt54_llama4scout_F5_1775424497,ai_ai_freeform_persona,9,0.0,81,0.0067
conv_ai_ai_freeform_persona_gpt54_llama4scout_F5_1775424497,ai_ai_freeform_persona,10,1.5152,66,0.0233
conv_ai_ai_freeform_persona_gpt54_llama4scout_F5_1775424497,ai_ai_freeform_persona,11,2.1978,91,0.0
conv_ai_ai_freeform_persona_gpt54_llama4scout_F5_1775424497,ai_ai_freeform_persona,12,0.0,54,0.0357
conv_ai_ai_freeform_persona_gpt54_llama4scout_F5_1775424497,ai_ai_freeform_persona,13,1.5385,65,0.0
conv_ai_ai_freeform_persona_gpt54_llama4scout_F5_1775424497,ai_ai_freeform_persona,14,1.3889,72,0.0083
conv_ai_ai_freeform_persona_gpt54_llama4scout_F5_1775424497,ai_ai_freeform_persona,15,2.7778,72,0.0076
conv_ai_ai_freeform_persona_gpt54_llama4scout_F5_1775424497,ai_ai_freeform_persona,16,1.5873,63,0.0155
conv_ai_ai_freeform_persona_gpt54_llama4scout_F5_1775424497,ai_ai_freeform_persona,17,0.0,64,0.0
conv_ai_ai_freeform_persona_gpt54_llama4scout_F5_1775424497,ai_ai_freeform_persona,18,0.0,61,0.0
conv_ai_ai_freeform_persona_gpt54_llama4scout_F5_1775424497,ai_ai_freeform_persona,19,3.6364,55,0.0179
conv_ai_ai_freeform_persona_gpt54_llama4scout_F5_1775424497,ai_ai_freeform_persona,20,0.0,55,0.009
conv_ai_ai_freeform_persona_gpt54mini_claudesonnet4_F1_1775413438,ai_ai_freeform_persona,2,0.0,29,0.0
conv_ai_ai_freeform_persona_gpt54mini_claudesonnet4_F1_1775413438,ai_ai_freeform_persona,3,1.8868,53,0.0
conv_ai_ai_freeform_persona_gpt54mini_claudesonnet4_F1_1775413438,ai_ai_freeform_persona,4,2.8571,70,0.0
conv_ai_ai_freeform_persona_gpt54mini_claudesonnet4_F1_1775413438,ai_ai_freeform_persona,5,1.5152,66,0.0
conv_ai_ai_freeform_persona_gpt54mini_claudesonnet4_F1_1775413438,ai_ai_freeform_persona,6,1.1364,88,0.0
conv_ai_ai_freeform_persona_gpt54mini_claudesonnet4_F1_1775413438,ai_ai_freeform_persona,7,3.9216,51,0.0
conv_ai_ai_freeform_persona_gpt54mini_claudesonnet4_F1_1775413438,ai_ai_freeform_persona,8,0.885,113,0.0
conv_ai_ai_freeform_persona_gpt54mini_claudesonnet4_F1_1775413438,ai_ai_freeform_persona,9,0.0,73,0.0
conv_ai_ai_freeform_persona_gpt54mini_claudesonnet4_F1_1775413438,ai_ai_freeform_persona,10,1.0204,98,0.0
conv_ai_ai_freeform_persona_gpt54mini_claudesonnet4_F1_1775413438,ai_ai_freeform_persona,11,3.3333,60,0.0
conv_ai_ai_freeform_persona_gpt54mini_claudesonnet4_F1_1775413438,ai_ai_freeform_persona,12,3.5294,85,0.017
conv_ai_ai_freeform_persona_gpt54mini_claudesonnet4_F1_1775413438,ai_ai_freeform_persona,13,0.0,76,0.0
conv_ai_ai_freeform_persona_gpt54mini_claudesonnet4_F1_1775413438,ai_ai_freeform_persona,14,1.0204,98,0.0
conv_ai_ai_freeform_persona_gpt54mini_claudesonnet4_F1_1775413438,ai_ai_freeform_persona,15,1.8519,54,0.0
conv_ai_ai_freeform_persona_gpt54mini_claudesonnet4_F1_1775413438,ai_ai_freeform_persona,16,1.0417,96,0.0106
conv_ai_ai_freeform_persona_gpt54mini_claudesonnet4_F1_1775413438,ai_ai_freeform_persona,17,2.8571,70,0.0169
conv_ai_ai_freeform_persona_gpt54mini_claudesonnet4_F1_1775413438,ai_ai_freeform_persona,18,0.0,145,0.0043
conv_ai_ai_freeform_persona_gpt54mini_claudesonnet4_F1_1775413438,ai_ai_freeform_persona,19,3.5714,84,0.0
conv_ai_ai_freeform_persona_gpt54mini_claudesonnet4_F1_1775413438,ai_ai_freeform_persona,20,0.885,113,0.008
conv_ai_ai_freeform_persona_gpt54mini_claudesonnet4_F4_1775413250,ai_ai_freeform_persona,2,1.7241,58,0.0
conv_ai_ai_freeform_persona_gpt54mini_claudesonnet4_F4_1775413250,ai_ai_freeform_persona,3,1.6949,59,0.0
conv_ai_ai_freeform_persona_gpt54mini_claudesonnet4_F4_1775413250,ai_ai_freeform_persona,4,0.885,113,0.0
conv_ai_ai_freeform_persona_gpt54mini_claudesonnet4_F4_1775413250,ai_ai_freeform_persona,5,3.5294,85,0.0
conv_ai_ai_freeform_persona_gpt54mini_claudesonnet4_F4_1775413250,ai_ai_freeform_persona,6,0.0,120,0.0044
conv_ai_ai_freeform_persona_gpt54mini_claudesonnet4_F4_1775413250,ai_ai_freeform_persona,7,1.1628,86,0.0183
conv_ai_ai_freeform_persona_gpt54mini_claudesonnet4_F4_1775413250,ai_ai_freeform_persona,8,2.381,126,0.0041
conv_ai_ai_freeform_persona_gpt54mini_claudesonnet4_F4_1775413250,ai_ai_freeform_persona,9,0.0,78,0.0
conv_ai_ai_freeform_persona_gpt54mini_claudesonnet4_F4_1775413250,ai_ai_freeform_persona,10,1.6949,118,0.0
conv_ai_ai_freeform_persona_gpt54mini_claudesonnet4_F4_1775413250,ai_ai_freeform_persona,11,0.0,77,0.0
conv_ai_ai_freeform_persona_gpt54mini_claudesonnet4_F4_1775413250,ai_ai_freeform_persona,12,0.0,116,0.0
conv_ai_ai_freeform_persona_gpt54mini_claudesonnet4_F4_1775413250,ai_ai_freeform_persona,13,1.3333,75,0.0
conv_ai_ai_freeform_persona_gpt54mini_claudesonnet4_F4_1775413250,ai_ai_freeform_persona,14,0.0,121,0.013
conv_ai_ai_freeform_persona_gpt54mini_claudesonnet4_F4_1775413250,ai_ai_freeform_persona,15,0.0,96,0.0
conv_ai_ai_freeform_persona_gpt54mini_claudesonnet4_F4_1775413250,ai_ai_freeform_persona,16,1.4925,134,0.004
conv_ai_ai_freeform_persona_gpt54mini_claudesonnet4_F4_1775413250,ai_ai_freeform_persona,17,2.0833,96,0.0
conv_ai_ai_freeform_persona_gpt54mini_claudesonnet4_F4_1775413250,ai_ai_freeform_persona,18,0.7463,134,0.0038
conv_ai_ai_freeform_persona_gpt54mini_claudesonnet4_F4_1775413250,ai_ai_freeform_persona,19,0.0,93,0.0
conv_ai_ai_freeform_persona_gpt54mini_claudesonnet4_F4_1775413250,ai_ai_freeform_persona,20,0.0,141,0.0037
conv_ai_ai_freeform_persona_gpt54mini_claudesonnet4_F5_1775413341,ai_ai_freeform_persona,2,1.7241,58,0.0
conv_ai_ai_freeform_persona_gpt54mini_claudesonnet4_F5_1775413341,ai_ai_freeform_persona,3,2.4691,81,0.0
conv_ai_ai_freeform_persona_gpt54mini_claudesonnet4_F5_1775413341,ai_ai_freeform_persona,4,0.0,95,0.0
conv_ai_ai_freeform_persona_gpt54mini_claudesonnet4_F5_1775413341,ai_ai_freeform_persona,5,0.0,83,0.0
conv_ai_ai_freeform_persona_gpt54mini_claudesonnet4_F5_1775413341,ai_ai_freeform_persona,6,2.8037,107,0.0
conv_ai_ai_freeform_persona_gpt54mini_claudesonnet4_F5_1775413341,ai_ai_freeform_persona,7,1.5385,65,0.0
conv_ai_ai_freeform_persona_gpt54mini_claudesonnet4_F5_1775413341,ai_ai_freeform_persona,8,2.6087,115,0.0046
conv_ai_ai_freeform_persona_gpt54mini_claudesonnet4_F5_1775413341,ai_ai_freeform_persona,9,2.5641,78,0.0
conv_ai_ai_freeform_persona_gpt54mini_claudesonnet4_F5_1775413341,ai_ai_freeform_persona,10,0.8772,114,0.0
conv_ai_ai_freeform_persona_gpt54mini_claudesonnet4_F5_1775413341,ai_ai_freeform_persona,11,1.1111,90,0.0
conv_ai_ai_freeform_persona_gpt54mini_claudesonnet4_F5_1775413341,ai_ai_freeform_persona,12,0.9346,107,0.0
conv_ai_ai_freeform_persona_gpt54mini_claudesonnet4_F5_1775413341,ai_ai_freeform_persona,13,1.0753,93,0.0
conv_ai_ai_freeform_persona_gpt54mini_claudesonnet4_F5_1775413341,ai_ai_freeform_persona,14,1.6529,121,0.0
conv_ai_ai_freeform_persona_gpt54mini_claudesonnet4_F5_1775413341,ai_ai_freeform_persona,15,4.0541,74,0.0
conv_ai_ai_freeform_persona_gpt54mini_claudesonnet4_F5_1775413341,ai_ai_freeform_persona,16,0.0,112,0.0
conv_ai_ai_freeform_persona_gpt54mini_claudesonnet4_F5_1775413341,ai_ai_freeform_persona,17,1.1364,88,0.0
conv_ai_ai_freeform_persona_gpt54mini_claudesonnet4_F5_1775413341,ai_ai_freeform_persona,18,0.0,133,0.0084
conv_ai_ai_freeform_persona_gpt54mini_claudesonnet4_F5_1775413341,ai_ai_freeform_persona,19,2.0202,99,0.0
conv_ai_ai_freeform_persona_gpt54mini_claudesonnet4_F5_1775413341,ai_ai_freeform_persona,20,0.0,121,0.0081
conv_ai_ai_freeform_persona_gpt54mini_gemini25flash_F3_1775413577,ai_ai_freeform_persona,2,2.3256,43,0.0
conv_ai_ai_freeform_persona_gpt54mini_gemini25flash_F3_1775413577,ai_ai_freeform_persona,3,1.5873,63,0.0
conv_ai_ai_freeform_persona_gpt54mini_gemini25flash_F3_1775413577,ai_ai_freeform_persona,4,1.2987,77,0.0
conv_ai_ai_freeform_persona_gpt54mini_gemini25flash_F3_1775413577,ai_ai_freeform_persona,5,0.0,51,0.0
conv_ai_ai_freeform_persona_gpt54mini_gemini25flash_F3_1775413577,ai_ai_freeform_persona,6,0.0,66,0.0
conv_ai_ai_freeform_persona_gpt54mini_gemini25flash_F3_1775413577,ai_ai_freeform_persona,7,2.5316,79,0.0
conv_ai_ai_freeform_persona_gpt54mini_gemini25flash_F3_1775413577,ai_ai_freeform_persona,8,1.3699,73,0.0
conv_ai_ai_freeform_persona_gpt54mini_gemini25flash_F3_1775413577,ai_ai_freeform_persona,9,0.0,67,0.0
conv_ai_ai_freeform_persona_gpt54mini_gemini25flash_F3_1775413577,ai_ai_freeform_persona,10,0.0,62,0.0078
conv_ai_ai_freeform_persona_gpt54mini_gemini25flash_F3_1775413577,ai_ai_freeform_persona,11,1.7857,56,0.0
conv_ai_ai_freeform_persona_gpt54mini_gemini25flash_F3_1775413577,ai_ai_freeform_persona,12,0.0,67,0.0
conv_ai_ai_freeform_persona_gpt54mini_gemini25flash_F3_1775413577,ai_ai_freeform_persona,13,2.0833,48,0.0
conv_ai_ai_freeform_persona_gpt54mini_gemini25flash_F3_1775413577,ai_ai_freeform_persona,14,0.0,43,0.0
conv_ai_ai_freeform_persona_gpt54mini_gemini25flash_F3_1775413577,ai_ai_freeform_persona,15,0.0,51,0.0
conv_ai_ai_freeform_persona_gpt54mini_gemini25flash_F3_1775413577,ai_ai_freeform_persona,16,0.0,48,0.0
conv_ai_ai_freeform_persona_gpt54mini_gemini25flash_F3_1775413577,ai_ai_freeform_persona,17,1.8519,54,0.0
conv_ai_ai_freeform_persona_gpt54mini_gemini25flash_F3_1775413577,ai_ai_freeform_persona,18,0.0,55,0.0206
conv_ai_ai_freeform_persona_gpt54mini_gemini25flash_F3_1775413577,ai_ai_freeform_persona,19,2.9851,67,0.0174
conv_ai_ai_freeform_persona_gpt54mini_gemini25flash_F3_1775413577,ai_ai_freeform_persona,20,0.0,67,0.0
conv_ai_ai_freeform_persona_gpt54mini_gemini25flash_F4_1775423293,ai_ai_freeform_persona,2,0.0,41,0.0
conv_ai_ai_freeform_persona_gpt54mini_gemini25flash_F4_1775423293,ai_ai_freeform_persona,3,0.0,39,0.0
conv_ai_ai_freeform_persona_gpt54mini_gemini25flash_F4_1775423293,ai_ai_freeform_persona,4,0.0,77,0.0
conv_ai_ai_freeform_persona_gpt54mini_gemini25flash_F4_1775423293,ai_ai_freeform_persona,5,2.0408,49,0.0
conv_ai_ai_freeform_persona_gpt54mini_gemini25flash_F4_1775423293,ai_ai_freeform_persona,6,3.125,64,0.0074
conv_ai_ai_freeform_persona_gpt54mini_gemini25flash_F4_1775423293,ai_ai_freeform_persona,7,1.8519,54,0.0102
conv_ai_ai_freeform_persona_gpt54mini_gemini25flash_F4_1775423293,ai_ai_freeform_persona,8,0.0,85,0.0
conv_ai_ai_freeform_persona_gpt54mini_gemini25flash_F4_1775423293,ai_ai_freeform_persona,9,2.8986,69,0.0
conv_ai_ai_freeform_persona_gpt54mini_gemini25flash_F4_1775423293,ai_ai_freeform_persona,10,1.1111,90,0.0
conv_ai_ai_freeform_persona_gpt54mini_gemini25flash_F4_1775423293,ai_ai_freeform_persona,11,0.0,63,0.0
conv_ai_ai_freeform_persona_gpt54mini_gemini25flash_F4_1775423293,ai_ai_freeform_persona,12,0.0,85,0.0
conv_ai_ai_freeform_persona_gpt54mini_gemini25flash_F4_1775423293,ai_ai_freeform_persona,13,1.5873,63,0.0
conv_ai_ai_freeform_persona_gpt54mini_gemini25flash_F4_1775423293,ai_ai_freeform_persona,14,0.0,85,0.0
conv_ai_ai_freeform_persona_gpt54mini_gemini25flash_F4_1775423293,ai_ai_freeform_persona,15,3.1746,63,0.0
conv_ai_ai_freeform_persona_gpt54mini_gemini25flash_F4_1775423293,ai_ai_freeform_persona,16,2.2989,87,0.0244
conv_ai_ai_freeform_persona_gpt54mini_gemini25flash_F4_1775423293,ai_ai_freeform_persona,17,0.0,51,0.0
conv_ai_ai_freeform_persona_gpt54mini_gemini25flash_F4_1775423293,ai_ai_freeform_persona,18,1.4085,71,0.0
conv_ai_ai_freeform_persona_gpt54mini_gemini25flash_F4_1775423293,ai_ai_freeform_persona,19,0.0,47,0.0
conv_ai_ai_freeform_persona_gpt54mini_gemini25flash_F4_1775423293,ai_ai_freeform_persona,20,1.5625,64,0.0077
conv_ai_ai_freeform_persona_gpt54mini_gemini25flash_F5_1775413525,ai_ai_freeform_persona,2,0.0,37,0.0
conv_ai_ai_freeform_persona_gpt54mini_gemini25flash_F5_1775413525,ai_ai_freeform_persona,3,3.3333,60,0.0
conv_ai_ai_freeform_persona_gpt54mini_gemini25flash_F5_1775413525,ai_ai_freeform_persona,4,0.0,50,0.0
conv_ai_ai_freeform_persona_gpt54mini_gemini25flash_F5_1775413525,ai_ai_freeform_persona,5,2.5641,78,0.0
conv_ai_ai_freeform_persona_gpt54mini_gemini25flash_F5_1775413525,ai_ai_freeform_persona,6,0.0,61,0.0
conv_ai_ai_freeform_persona_gpt54mini_gemini25flash_F5_1775413525,ai_ai_freeform_persona,7,1.4925,67,0.037
conv_ai_ai_freeform_persona_gpt54mini_gemini25flash_F5_1775413525,ai_ai_freeform_persona,8,0.0,58,0.0268
conv_ai_ai_freeform_persona_gpt54mini_gemini25flash_F5_1775413525,ai_ai_freeform_persona,9,1.8018,111,0.0176
conv_ai_ai_freeform_persona_gpt54mini_gemini25flash_F5_1775413525,ai_ai_freeform_persona,10,0.0,49,0.0
conv_ai_ai_freeform_persona_gpt54mini_gemini25flash_F5_1775413525,ai_ai_freeform_persona,11,1.5152,66,0.0
conv_ai_ai_freeform_persona_gpt54mini_gemini25flash_F5_1775413525,ai_ai_freeform_persona,12,4.2254,71,0.0
conv_ai_ai_freeform_persona_gpt54mini_gemini25flash_F5_1775413525,ai_ai_freeform_persona,13,1.6393,61,0.0
conv_ai_ai_freeform_persona_gpt54mini_gemini25flash_F5_1775413525,ai_ai_freeform_persona,14,1.3333,75,0.0
conv_ai_ai_freeform_persona_gpt54mini_gemini25flash_F5_1775413525,ai_ai_freeform_persona,15,0.8929,112,0.0181
conv_ai_ai_freeform_persona_gpt54mini_gemini25flash_F5_1775413525,ai_ai_freeform_persona,16,0.0,69,0.0
conv_ai_ai_freeform_persona_gpt54mini_gemini25flash_F5_1775413525,ai_ai_freeform_persona,17,0.0,83,0.0269
conv_ai_ai_freeform_persona_gpt54mini_gemini25flash_F5_1775413525,ai_ai_freeform_persona,18,0.0,59,0.0164
conv_ai_ai_freeform_persona_gpt54mini_gemini25flash_F5_1775413525,ai_ai_freeform_persona,19,0.6993,143,0.0187
conv_ai_ai_freeform_persona_gpt54mini_gemini25flash_F5_1775413525,ai_ai_freeform_persona,20,0.0,60,0.0
conv_ai_ai_freeform_persona_gpt54mini_gpt54_F1_1775413144,ai_ai_freeform_persona,2,2.2727,44,0.0
conv_ai_ai_freeform_persona_gpt54mini_gpt54_F1_1775413144,ai_ai_freeform_persona,3,5.0,60,0.0
conv_ai_ai_freeform_persona_gpt54mini_gpt54_F1_1775413144,ai_ai_freeform_persona,4,0.0,57,0.0
conv_ai_ai_freeform_persona_gpt54mini_gpt54_F1_1775413144,ai_ai_freeform_persona,5,0.0,54,0.0
conv_ai_ai_freeform_persona_gpt54mini_gpt54_F1_1775413144,ai_ai_freeform_persona,6,0.0,53,0.0
conv_ai_ai_freeform_persona_gpt54mini_gpt54_F1_1775413144,ai_ai_freeform_persona,7,0.0,46,0.0323
conv_ai_ai_freeform_persona_gpt54mini_gpt54_F1_1775413144,ai_ai_freeform_persona,8,0.0,39,0.0
conv_ai_ai_freeform_persona_gpt54mini_gpt54_F1_1775413144,ai_ai_freeform_persona,9,0.0,55,0.0
conv_ai_ai_freeform_persona_gpt54mini_gpt54_F1_1775413144,ai_ai_freeform_persona,10,0.0,39,0.0
conv_ai_ai_freeform_persona_gpt54mini_gpt54_F1_1775413144,ai_ai_freeform_persona,11,2.2222,45,0.0
conv_ai_ai_freeform_persona_gpt54mini_gpt54_F1_1775413144,ai_ai_freeform_persona,12,0.0,42,0.0
conv_ai_ai_freeform_persona_gpt54mini_gpt54_F1_1775413144,ai_ai_freeform_persona,13,0.0,60,0.0
conv_ai_ai_freeform_persona_gpt54mini_gpt54_F1_1775413144,ai_ai_freeform_persona,14,0.0,62,0.0
conv_ai_ai_freeform_persona_gpt54mini_gpt54_F1_1775413144,ai_ai_freeform_persona,15,2.0408,49,0.0294
conv_ai_ai_freeform_persona_gpt54mini_gpt54_F1_1775413144,ai_ai_freeform_persona,16,0.0,45,0.0
conv_ai_ai_freeform_persona_gpt54mini_gpt54_F1_1775413144,ai_ai_freeform_persona,17,0.0,38,0.0
conv_ai_ai_freeform_persona_gpt54mini_gpt54_F1_1775413144,ai_ai_freeform_persona,18,1.8519,54,0.0215
conv_ai_ai_freeform_persona_gpt54mini_gpt54_F1_1775413144,ai_ai_freeform_persona,19,2.2222,45,0.0
conv_ai_ai_freeform_persona_gpt54mini_gpt54_F1_1775413144,ai_ai_freeform_persona,20,2.2222,45,0.0
conv_ai_ai_freeform_persona_gpt54mini_gpt54_F2_1775413194,ai_ai_freeform_persona,2,0.0,43,0.0
conv_ai_ai_freeform_persona_gpt54mini_gpt54_F2_1775413194,ai_ai_freeform_persona,3,0.0,82,0.0
conv_ai_ai_freeform_persona_gpt54mini_gpt54_F2_1775413194,ai_ai_freeform_persona,4,3.0769,65,0.0097
conv_ai_ai_freeform_persona_gpt54mini_gpt54_F2_1775413194,ai_ai_freeform_persona,5,0.0,74,0.0133
conv_ai_ai_freeform_persona_gpt54mini_gpt54_F2_1775413194,ai_ai_freeform_persona,6,0.0,67,0.0
conv_ai_ai_freeform_persona_gpt54mini_gpt54_F2_1775413194,ai_ai_freeform_persona,7,0.9346,107,0.0
conv_ai_ai_freeform_persona_gpt54mini_gpt54_F2_1775413194,ai_ai_freeform_persona,8,1.4286,70,0.0
conv_ai_ai_freeform_persona_gpt54mini_gpt54_F2_1775413194,ai_ai_freeform_persona,9,0.0,77,0.0
conv_ai_ai_freeform_persona_gpt54mini_gpt54_F2_1775413194,ai_ai_freeform_persona,10,0.0,52,0.0351
conv_ai_ai_freeform_persona_gpt54mini_gpt54_F2_1775413194,ai_ai_freeform_persona,11,1.5873,63,0.0
conv_ai_ai_freeform_persona_gpt54mini_gpt54_F2_1775413194,ai_ai_freeform_persona,12,0.0,66,0.0
conv_ai_ai_freeform_persona_gpt54mini_gpt54_F2_1775413194,ai_ai_freeform_persona,13,0.0,70,0.0078
conv_ai_ai_freeform_persona_gpt54mini_gpt54_F2_1775413194,ai_ai_freeform_persona,14,0.0,57,0.0
conv_ai_ai_freeform_persona_gpt54mini_gpt54_F2_1775413194,ai_ai_freeform_persona,15,1.4706,68,0.0
conv_ai_ai_freeform_persona_gpt54mini_gpt54_F2_1775413194,ai_ai_freeform_persona,16,1.9608,51,0.0
conv_ai_ai_freeform_persona_gpt54mini_gpt54_F2_1775413194,ai_ai_freeform_persona,17,1.6393,61,0.0
conv_ai_ai_freeform_persona_gpt54mini_gpt54_F2_1775413194,ai_ai_freeform_persona,18,1.8519,54,0.0
conv_ai_ai_freeform_persona_gpt54mini_gpt54_F2_1775413194,ai_ai_freeform_persona,19,0.0,57,0.027
conv_ai_ai_freeform_persona_gpt54mini_gpt54_F2_1775413194,ai_ai_freeform_persona,20,2.1277,47,0.0104
conv_ai_ai_freeform_persona_gpt54mini_gpt54_F3_1775411873,ai_ai_freeform_persona,2,3.5088,57,0.0
conv_ai_ai_freeform_persona_gpt54mini_gpt54_F3_1775411873,ai_ai_freeform_persona,3,0.0,60,0.0
conv_ai_ai_freeform_persona_gpt54mini_gpt54_F3_1775411873,ai_ai_freeform_persona,4,1.0204,98,0.0
conv_ai_ai_freeform_persona_gpt54mini_gpt54_F3_1775411873,ai_ai_freeform_persona,5,0.0,75,0.0
conv_ai_ai_freeform_persona_gpt54mini_gpt54_F3_1775411873,ai_ai_freeform_persona,6,1.3333,75,0.0
conv_ai_ai_freeform_persona_gpt54mini_gpt54_F3_1775411873,ai_ai_freeform_persona,7,1.4286,70,0.0
conv_ai_ai_freeform_persona_gpt54mini_gpt54_F3_1775411873,ai_ai_freeform_persona,8,0.0,71,0.0
conv_ai_ai_freeform_persona_gpt54mini_gpt54_F3_1775411873,ai_ai_freeform_persona,9,2.4691,81,0.0068
conv_ai_ai_freeform_persona_gpt54mini_gpt54_F3_1775411873,ai_ai_freeform_persona,10,0.0,71,0.0073
conv_ai_ai_freeform_persona_gpt54mini_gpt54_F3_1775411873,ai_ai_freeform_persona,11,1.3889,72,0.0068
conv_ai_ai_freeform_persona_gpt54mini_gpt54_F3_1775411873,ai_ai_freeform_persona,12,1.1111,90,0.0
conv_ai_ai_freeform_persona_gpt54mini_gpt54_F3_1775411873,ai_ai_freeform_persona,13,1.2658,79,0.0
conv_ai_ai_freeform_persona_gpt54mini_gpt54_F3_1775411873,ai_ai_freeform_persona,14,0.0,81,0.006
conv_ai_ai_freeform_persona_gpt54mini_gpt54_F3_1775411873,ai_ai_freeform_persona,15,1.3514,74,0.0
conv_ai_ai_freeform_persona_gpt54mini_gpt54_F3_1775411873,ai_ai_freeform_persona,16,0.0,53,0.0
conv_ai_ai_freeform_persona_gpt54mini_gpt54_F3_1775411873,ai_ai_freeform_persona,17,0.0,66,0.0
conv_ai_ai_freeform_persona_gpt54mini_gpt54_F3_1775411873,ai_ai_freeform_persona,18,1.4286,70,0.0
conv_ai_ai_freeform_persona_gpt54mini_gpt54_F3_1775411873,ai_ai_freeform_persona,19,0.0,68,0.0
conv_ai_ai_freeform_persona_gpt54mini_gpt54_F3_1775411873,ai_ai_freeform_persona,20,0.0,65,0.0
conv_ai_ai_freeform_persona_gpt54mini_gpt54_F3_1775412079,ai_ai_freeform_persona,2,3.3333,60,0.0
conv_ai_ai_freeform_persona_gpt54mini_gpt54_F3_1775412079,ai_ai_freeform_persona,3,3.5714,56,0.0
conv_ai_ai_freeform_persona_gpt54mini_gpt54_F3_1775412079,ai_ai_freeform_persona,4,0.0,57,0.0
conv_ai_ai_freeform_persona_gpt54mini_gpt54_F3_1775412079,ai_ai_freeform_persona,5,0.0,77,0.0
conv_ai_ai_freeform_persona_gpt54mini_gpt54_F3_1775412079,ai_ai_freeform_persona,6,1.6949,59,0.0
conv_ai_ai_freeform_persona_gpt54mini_gpt54_F3_1775412079,ai_ai_freeform_persona,7,3.3898,59,0.0233
conv_ai_ai_freeform_persona_gpt54mini_gpt54_F3_1775412079,ai_ai_freeform_persona,8,6.6667,60,0.0088
conv_ai_ai_freeform_persona_gpt54mini_gpt54_F3_1775412079,ai_ai_freeform_persona,9,3.5714,56,0.0
conv_ai_ai_freeform_persona_gpt54mini_gpt54_F3_1775412079,ai_ai_freeform_persona,10,1.8519,54,0.028
conv_ai_ai_freeform_persona_gpt54mini_gpt54_F3_1775412079,ai_ai_freeform_persona,11,1.6949,59,0.0278
conv_ai_ai_freeform_persona_gpt54mini_gpt54_F3_1775412079,ai_ai_freeform_persona,12,0.0,51,0.0
conv_ai_ai_freeform_persona_gpt54mini_gpt54_F3_1775412079,ai_ai_freeform_persona,13,1.6949,59,0.0
conv_ai_ai_freeform_persona_gpt54mini_gpt54_F3_1775412079,ai_ai_freeform_persona,14,0.0,59,0.0
conv_ai_ai_freeform_persona_gpt54mini_gpt54_F3_1775412079,ai_ai_freeform_persona,15,1.9231,52,0.0
conv_ai_ai_freeform_persona_gpt54mini_gpt54_F3_1775412079,ai_ai_freeform_persona,16,0.0,46,0.0
conv_ai_ai_freeform_persona_gpt54mini_gpt54_F3_1775412079,ai_ai_freeform_persona,17,2.7778,36,0.0
conv_ai_ai_freeform_persona_gpt54mini_gpt54_F3_1775412079,ai_ai_freeform_persona,18,0.0,46,0.0115
conv_ai_ai_freeform_persona_gpt54mini_gpt54_F3_1775412079,ai_ai_freeform_persona,19,0.0,40,0.0286
conv_ai_ai_freeform_persona_gpt54mini_gpt54_F3_1775412079,ai_ai_freeform_persona,20,0.0,55,0.0
conv_ai_ai_freeform_persona_gpt54mini_gpt54_F5_1775413092,ai_ai_freeform_persona,2,2.7027,37,0.0
conv_ai_ai_freeform_persona_gpt54mini_gpt54_F5_1775413092,ai_ai_freeform_persona,3,0.0,58,0.0
conv_ai_ai_freeform_persona_gpt54mini_gpt54_F5_1775413092,ai_ai_freeform_persona,4,0.0,31,0.0
conv_ai_ai_freeform_persona_gpt54mini_gpt54_F5_1775413092,ai_ai_freeform_persona,5,1.6949,59,0.0
conv_ai_ai_freeform_persona_gpt54mini_gpt54_F5_1775413092,ai_ai_freeform_persona,6,0.0,63,0.0
conv_ai_ai_freeform_persona_gpt54mini_gpt54_F5_1775413092,ai_ai_freeform_persona,7,1.8519,54,0.0
conv_ai_ai_freeform_persona_gpt54mini_gpt54_F5_1775413092,ai_ai_freeform_persona,8,1.4706,68,0.0079
conv_ai_ai_freeform_persona_gpt54mini_gpt54_F5_1775413092,ai_ai_freeform_persona,9,1.5625,64,0.0
conv_ai_ai_freeform_persona_gpt54mini_gpt54_F5_1775413092,ai_ai_freeform_persona,10,0.0,50,0.0088
conv_ai_ai_freeform_persona_gpt54mini_gpt54_F5_1775413092,ai_ai_freeform_persona,11,1.6949,59,0.0
conv_ai_ai_freeform_persona_gpt54mini_gpt54_F5_1775413092,ai_ai_freeform_persona,12,1.8182,55,0.0
conv_ai_ai_freeform_persona_gpt54mini_gpt54_F5_1775413092,ai_ai_freeform_persona,13,0.0,55,0.0185
conv_ai_ai_freeform_persona_gpt54mini_gpt54_F5_1775413092,ai_ai_freeform_persona,14,0.0,55,0.0
conv_ai_ai_freeform_persona_gpt54mini_gpt54_F5_1775413092,ai_ai_freeform_persona,15,1.4286,70,0.0
conv_ai_ai_freeform_persona_gpt54mini_gpt54_F5_1775413092,ai_ai_freeform_persona,16,0.0,57,0.0
conv_ai_ai_freeform_persona_gpt54mini_gpt54_F5_1775413092,ai_ai_freeform_persona,17,1.7857,56,0.0
conv_ai_ai_freeform_persona_gpt54mini_gpt54_F5_1775413092,ai_ai_freeform_persona,18,5.7692,52,0.0
conv_ai_ai_freeform_persona_gpt54mini_gpt54_F5_1775413092,ai_ai_freeform_persona,19,0.0,41,0.0
conv_ai_ai_freeform_persona_gpt54mini_gpt54_F5_1775413092,ai_ai_freeform_persona,20,0.0,45,0.0
conv_ai_ai_freeform_persona_gpt54mini_grok41fast_F1_1775423345,ai_ai_freeform_persona,2,0.0,22,0.0
conv_ai_ai_freeform_persona_gpt54mini_grok41fast_F1_1775423345,ai_ai_freeform_persona,3,2.7778,36,0.0
conv_ai_ai_freeform_persona_gpt54mini_grok41fast_F1_1775423345,ai_ai_freeform_persona,4,0.0,40,0.0
conv_ai_ai_freeform_persona_gpt54mini_grok41fast_F1_1775423345,ai_ai_freeform_persona,5,0.0,49,0.0
conv_ai_ai_freeform_persona_gpt54mini_grok41fast_F1_1775423345,ai_ai_freeform_persona,6,0.0,52,0.0115
conv_ai_ai_freeform_persona_gpt54mini_grok41fast_F1_1775423345,ai_ai_freeform_persona,7,0.0,70,0.0
conv_ai_ai_freeform_persona_gpt54mini_grok41fast_F1_1775423345,ai_ai_freeform_persona,8,0.0,47,0.0106
conv_ai_ai_freeform_persona_gpt54mini_grok41fast_F1_1775423345,ai_ai_freeform_persona,9,2.8571,70,0.0074
conv_ai_ai_freeform_persona_gpt54mini_grok41fast_F1_1775423345,ai_ai_freeform_persona,10,0.0,38,0.0
conv_ai_ai_freeform_persona_gpt54mini_grok41fast_F1_1775423345,ai_ai_freeform_persona,11,1.3333,75,0.0071
conv_ai_ai_freeform_persona_gpt54mini_grok41fast_F1_1775423345,ai_ai_freeform_persona,12,0.0,56,0.0
conv_ai_ai_freeform_persona_gpt54mini_grok41fast_F1_1775423345,ai_ai_freeform_persona,13,0.0,70,0.0
conv_ai_ai_freeform_persona_gpt54mini_grok41fast_F1_1775423345,ai_ai_freeform_persona,14,0.0,47,0.0
conv_ai_ai_freeform_persona_gpt54mini_grok41fast_F1_1775423345,ai_ai_freeform_persona,15,1.5385,65,0.0
conv_ai_ai_freeform_persona_gpt54mini_grok41fast_F1_1775423345,ai_ai_freeform_persona,16,0.0,45,0.0
conv_ai_ai_freeform_persona_gpt54mini_grok41fast_F1_1775423345,ai_ai_freeform_persona,17,1.8519,54,0.0
conv_ai_ai_freeform_persona_gpt54mini_grok41fast_F1_1775423345,ai_ai_freeform_persona,18,2.7778,36,0.0
conv_ai_ai_freeform_persona_gpt54mini_grok41fast_F1_1775423345,ai_ai_freeform_persona,19,0.0,49,0.0421
conv_ai_ai_freeform_persona_gpt54mini_grok41fast_F1_1775423345,ai_ai_freeform_persona,20,0.0,26,0.0
conv_ai_ai_freeform_persona_gpt54mini_grok41fast_F2_1775423400,ai_ai_freeform_persona,2,0.0,40,0.0
conv_ai_ai_freeform_persona_gpt54mini_grok41fast_F2_1775423400,ai_ai_freeform_persona,3,1.4493,69,0.0
conv_ai_ai_freeform_persona_gpt54mini_grok41fast_F2_1775423400,ai_ai_freeform_persona,4,0.0,53,0.0
conv_ai_ai_freeform_persona_gpt54mini_grok41fast_F2_1775423400,ai_ai_freeform_persona,5,1.2346,81,0.0
conv_ai_ai_freeform_persona_gpt54mini_grok41fast_F2_1775423400,ai_ai_freeform_persona,6,0.0,61,0.0
conv_ai_ai_freeform_persona_gpt54mini_grok41fast_F2_1775423400,ai_ai_freeform_persona,7,0.0,58,0.0
conv_ai_ai_freeform_persona_gpt54mini_grok41fast_F2_1775423400,ai_ai_freeform_persona,8,0.0,49,0.0
conv_ai_ai_freeform_persona_gpt54mini_grok41fast_F2_1775423400,ai_ai_freeform_persona,9,1.5385,65,0.0
conv_ai_ai_freeform_persona_gpt54mini_grok41fast_F2_1775423400,ai_ai_freeform_persona,10,0.0,42,0.0
conv_ai_ai_freeform_persona_gpt54mini_grok41fast_F2_1775423400,ai_ai_freeform_persona,11,5.4054,74,0.0075
conv_ai_ai_freeform_persona_gpt54mini_grok41fast_F2_1775423400,ai_ai_freeform_persona,12,1.6949,59,0.0
conv_ai_ai_freeform_persona_gpt54mini_grok41fast_F2_1775423400,ai_ai_freeform_persona,13,1.3889,72,0.0
conv_ai_ai_freeform_persona_gpt54mini_grok41fast_F2_1775423400,ai_ai_freeform_persona,14,0.0,44,0.0
conv_ai_ai_freeform_persona_gpt54mini_grok41fast_F2_1775423400,ai_ai_freeform_persona,15,1.3889,72,0.0
conv_ai_ai_freeform_persona_gpt54mini_grok41fast_F2_1775423400,ai_ai_freeform_persona,16,0.0,60,0.0
conv_ai_ai_freeform_persona_gpt54mini_grok41fast_F2_1775423400,ai_ai_freeform_persona,17,0.9901,101,0.006
conv_ai_ai_freeform_persona_gpt54mini_grok41fast_F2_1775423400,ai_ai_freeform_persona,18,0.0,61,0.0
conv_ai_ai_freeform_persona_gpt54mini_grok41fast_F2_1775423400,ai_ai_freeform_persona,19,1.1765,85,0.0
conv_ai_ai_freeform_persona_gpt54mini_grok41fast_F2_1775423400,ai_ai_freeform_persona,20,0.0,56,0.0
conv_ai_ai_freeform_persona_gpt54mini_grok41fast_F3_1775423465,ai_ai_freeform_persona,2,0.0,43,0.0
conv_ai_ai_freeform_persona_gpt54mini_grok41fast_F3_1775423465,ai_ai_freeform_persona,3,1.6129,62,0.0
conv_ai_ai_freeform_persona_gpt54mini_grok41fast_F3_1775423465,ai_ai_freeform_persona,4,0.0,34,0.0
conv_ai_ai_freeform_persona_gpt54mini_grok41fast_F3_1775423465,ai_ai_freeform_persona,5,1.4493,69,0.0
conv_ai_ai_freeform_persona_gpt54mini_grok41fast_F3_1775423465,ai_ai_freeform_persona,6,0.0,48,0.0
conv_ai_ai_freeform_persona_gpt54mini_grok41fast_F3_1775423465,ai_ai_freeform_persona,7,2.439,82,0.0069
conv_ai_ai_freeform_persona_gpt54mini_grok41fast_F3_1775423465,ai_ai_freeform_persona,8,0.0,40,0.0
conv_ai_ai_freeform_persona_gpt54mini_grok41fast_F3_1775423465,ai_ai_freeform_persona,9,0.0,51,0.0
conv_ai_ai_freeform_persona_gpt54mini_grok41fast_F3_1775423465,ai_ai_freeform_persona,10,0.0,38,0.0
conv_ai_ai_freeform_persona_gpt54mini_grok41fast_F3_1775423465,ai_ai_freeform_persona,11,3.2258,62,0.0
conv_ai_ai_freeform_persona_gpt54mini_grok41fast_F3_1775423465,ai_ai_freeform_persona,12,0.0,31,0.0
conv_ai_ai_freeform_persona_gpt54mini_grok41fast_F3_1775423465,ai_ai_freeform_persona,13,0.0,54,0.0093
conv_ai_ai_freeform_persona_gpt54mini_grok41fast_F3_1775423465,ai_ai_freeform_persona,14,0.0,40,0.0152
conv_ai_ai_freeform_persona_gpt54mini_grok41fast_F3_1775423465,ai_ai_freeform_persona,15,0.0,82,0.0078
conv_ai_ai_freeform_persona_gpt54mini_grok41fast_F3_1775423465,ai_ai_freeform_persona,16,0.0,39,0.0135
conv_ai_ai_freeform_persona_gpt54mini_grok41fast_F3_1775423465,ai_ai_freeform_persona,17,1.2346,81,0.0327
conv_ai_ai_freeform_persona_gpt54mini_grok41fast_F3_1775423465,ai_ai_freeform_persona,18,0.0,34,0.0
conv_ai_ai_freeform_persona_gpt54mini_grok41fast_F3_1775423465,ai_ai_freeform_persona,19,0.0,74,0.0203
conv_ai_ai_freeform_persona_gpt54mini_grok41fast_F3_1775423465,ai_ai_freeform_persona,20,0.0,46,0.0
conv_ai_ai_freeform_persona_gpt54mini_llama4scout_F2_1775423565,ai_ai_freeform_persona,2,0.0,70,0.0
conv_ai_ai_freeform_persona_gpt54mini_llama4scout_F2_1775423565,ai_ai_freeform_persona,3,4.0,50,0.0
conv_ai_ai_freeform_persona_gpt54mini_llama4scout_F2_1775423565,ai_ai_freeform_persona,4,1.6393,61,0.0079
conv_ai_ai_freeform_persona_gpt54mini_llama4scout_F2_1775423565,ai_ai_freeform_persona,5,0.0,56,0.0099
conv_ai_ai_freeform_persona_gpt54mini_llama4scout_F2_1775423565,ai_ai_freeform_persona,6,1.1628,86,0.0
conv_ai_ai_freeform_persona_gpt54mini_llama4scout_F2_1775423565,ai_ai_freeform_persona,7,1.6393,61,0.0
conv_ai_ai_freeform_persona_gpt54mini_llama4scout_F2_1775423565,ai_ai_freeform_persona,8,0.0,67,0.0
conv_ai_ai_freeform_persona_gpt54mini_llama4scout_F2_1775423565,ai_ai_freeform_persona,9,4.2857,70,0.0
conv_ai_ai_freeform_persona_gpt54mini_llama4scout_F2_1775423565,ai_ai_freeform_persona,10,1.0638,94,0.0064
conv_ai_ai_freeform_persona_gpt54mini_llama4scout_F2_1775423565,ai_ai_freeform_persona,11,1.6667,60,0.0
conv_ai_ai_freeform_persona_gpt54mini_llama4scout_F2_1775423565,ai_ai_freeform_persona,12,0.0,74,0.0
conv_ai_ai_freeform_persona_gpt54mini_llama4scout_F2_1775423565,ai_ai_freeform_persona,13,1.6949,59,0.0
conv_ai_ai_freeform_persona_gpt54mini_llama4scout_F2_1775423565,ai_ai_freeform_persona,14,0.0,72,0.0071
conv_ai_ai_freeform_persona_gpt54mini_llama4scout_F2_1775423565,ai_ai_freeform_persona,15,0.0,61,0.0175
conv_ai_ai_freeform_persona_gpt54mini_llama4scout_F2_1775423565,ai_ai_freeform_persona,16,0.0,63,0.0565
conv_ai_ai_freeform_persona_gpt54mini_llama4scout_F2_1775423565,ai_ai_freeform_persona,17,1.7544,57,0.0
conv_ai_ai_freeform_persona_gpt54mini_llama4scout_F2_1775423565,ai_ai_freeform_persona,18,1.6129,62,0.0
conv_ai_ai_freeform_persona_gpt54mini_llama4scout_F2_1775423565,ai_ai_freeform_persona,19,1.8868,53,0.0
conv_ai_ai_freeform_persona_gpt54mini_llama4scout_F2_1775423565,ai_ai_freeform_persona,20,1.5625,64,0.0252
conv_ai_ai_freeform_persona_gpt54mini_llama4scout_F3_1775423600,ai_ai_freeform_persona,2,0.0,54,0.0
conv_ai_ai_freeform_persona_gpt54mini_llama4scout_F3_1775423600,ai_ai_freeform_persona,3,3.7037,54,0.0
conv_ai_ai_freeform_persona_gpt54mini_llama4scout_F3_1775423600,ai_ai_freeform_persona,4,0.0,77,0.0
conv_ai_ai_freeform_persona_gpt54mini_llama4scout_F3_1775423600,ai_ai_freeform_persona,5,0.0,80,0.0
conv_ai_ai_freeform_persona_gpt54mini_llama4scout_F3_1775423600,ai_ai_freeform_persona,6,0.0,69,0.0
conv_ai_ai_freeform_persona_gpt54mini_llama4scout_F3_1775423600,ai_ai_freeform_persona,7,1.3333,75,0.0
conv_ai_ai_freeform_persona_gpt54mini_llama4scout_F3_1775423600,ai_ai_freeform_persona,8,2.439,82,0.0138
conv_ai_ai_freeform_persona_gpt54mini_llama4scout_F3_1775423600,ai_ai_freeform_persona,9,1.2987,77,0.0
conv_ai_ai_freeform_persona_gpt54mini_llama4scout_F3_1775423600,ai_ai_freeform_persona,10,1.2346,81,0.0063
conv_ai_ai_freeform_persona_gpt54mini_llama4scout_F3_1775423600,ai_ai_freeform_persona,11,0.0,83,0.0
conv_ai_ai_freeform_persona_gpt54mini_llama4scout_F3_1775423600,ai_ai_freeform_persona,12,0.0,92,0.012
conv_ai_ai_freeform_persona_gpt54mini_llama4scout_F3_1775423600,ai_ai_freeform_persona,13,0.0,79,0.0064
conv_ai_ai_freeform_persona_gpt54mini_llama4scout_F3_1775423600,ai_ai_freeform_persona,14,0.0,90,0.0
conv_ai_ai_freeform_persona_gpt54mini_llama4scout_F3_1775423600,ai_ai_freeform_persona,15,1.3699,73,0.0
conv_ai_ai_freeform_persona_gpt54mini_llama4scout_F3_1775423600,ai_ai_freeform_persona,16,1.4493,69,0.0
conv_ai_ai_freeform_persona_gpt54mini_llama4scout_F3_1775423600,ai_ai_freeform_persona,17,2.8571,70,0.0072
conv_ai_ai_freeform_persona_gpt54mini_llama4scout_F3_1775423600,ai_ai_freeform_persona,18,0.0,57,0.0252
conv_ai_ai_freeform_persona_gpt54mini_llama4scout_F3_1775423600,ai_ai_freeform_persona,19,1.4286,70,0.0388
conv_ai_ai_freeform_persona_gpt54mini_llama4scout_F3_1775423600,ai_ai_freeform_persona,20,0.0,69,0.0168
conv_ai_ai_freeform_persona_gpt54mini_llama4scout_F4_1775423530,ai_ai_freeform_persona,2,0.0,36,0.0
conv_ai_ai_freeform_persona_gpt54mini_llama4scout_F4_1775423530,ai_ai_freeform_persona,3,0.0,45,0.0
conv_ai_ai_freeform_persona_gpt54mini_llama4scout_F4_1775423530,ai_ai_freeform_persona,4,0.0,50,0.038
conv_ai_ai_freeform_persona_gpt54mini_llama4scout_F4_1775423530,ai_ai_freeform_persona,5,0.0,51,0.0
conv_ai_ai_freeform_persona_gpt54mini_llama4scout_F4_1775423530,ai_ai_freeform_persona,6,0.0,47,0.0
conv_ai_ai_freeform_persona_gpt54mini_llama4scout_F4_1775423530,ai_ai_freeform_persona,7,1.8519,54,0.0
conv_ai_ai_freeform_persona_gpt54mini_llama4scout_F4_1775423530,ai_ai_freeform_persona,8,0.0,50,0.0
conv_ai_ai_freeform_persona_gpt54mini_llama4scout_F4_1775423530,ai_ai_freeform_persona,9,1.4286,70,0.0084
conv_ai_ai_freeform_persona_gpt54mini_llama4scout_F4_1775423530,ai_ai_freeform_persona,10,1.9608,51,0.0211
conv_ai_ai_freeform_persona_gpt54mini_llama4scout_F4_1775423530,ai_ai_freeform_persona,11,0.0,73,0.0146
conv_ai_ai_freeform_persona_gpt54mini_llama4scout_F4_1775423530,ai_ai_freeform_persona,12,0.0,66,0.0089
conv_ai_ai_freeform_persona_gpt54mini_llama4scout_F4_1775423530,ai_ai_freeform_persona,13,0.0,74,0.0
conv_ai_ai_freeform_persona_gpt54mini_llama4scout_F4_1775423530,ai_ai_freeform_persona,14,0.0,59,0.0168
conv_ai_ai_freeform_persona_gpt54mini_llama4scout_F4_1775423530,ai_ai_freeform_persona,15,0.0,67,0.0
conv_ai_ai_freeform_persona_gpt54mini_llama4scout_F4_1775423530,ai_ai_freeform_persona,16,0.0,45,0.0101
conv_ai_ai_freeform_persona_gpt54mini_llama4scout_F4_1775423530,ai_ai_freeform_persona,17,0.0,44,0.0
conv_ai_ai_freeform_persona_gpt54mini_llama4scout_F4_1775423530,ai_ai_freeform_persona,18,2.6316,38,0.0128
conv_ai_ai_freeform_persona_gpt54mini_llama4scout_F4_1775423530,ai_ai_freeform_persona,19,2.381,42,0.0
conv_ai_ai_freeform_persona_gpt54mini_llama4scout_F4_1775423530,ai_ai_freeform_persona,20,3.125,32,0.0
conv_ai_ai_reverse_turing_claudesonnet4_gpt54mini_F2_1775423379,ai_ai_reverse_turing,2,0.0,90,0.0
conv_ai_ai_reverse_turing_claudesonnet4_gpt54mini_F2_1775423379,ai_ai_reverse_turing,3,0.5236,191,0.0
conv_ai_ai_reverse_turing_claudesonnet4_gpt54mini_F2_1775423379,ai_ai_reverse_turing,4,0.4525,221,0.0099
conv_ai_ai_reverse_turing_claudesonnet4_gpt54mini_F2_1775423379,ai_ai_reverse_turing,5,1.3575,221,0.0074
conv_ai_ai_reverse_turing_claudesonnet4_gpt54mini_F2_1775423379,ai_ai_reverse_turing,6,1.2712,236,0.0045
conv_ai_ai_reverse_turing_claudesonnet4_gpt54mini_F2_1775423379,ai_ai_reverse_turing,7,0.8734,229,0.0
conv_ai_ai_reverse_turing_claudesonnet4_gpt54mini_F2_1775423379,ai_ai_reverse_turing,8,0.7299,137,0.0083
conv_ai_ai_reverse_turing_claudesonnet4_gpt54mini_F2_1775423379,ai_ai_reverse_turing,9,1.3514,222,0.0045
conv_ai_ai_reverse_turing_claudesonnet4_gpt54mini_F2_1775423379,ai_ai_reverse_turing,10,0.0,169,0.0
conv_ai_ai_reverse_turing_claudesonnet4_gpt54mini_F2_1775423379,ai_ai_reverse_turing,11,1.2658,237,0.0134
conv_ai_ai_reverse_turing_claudesonnet4_gpt54mini_F2_1775423379,ai_ai_reverse_turing,12,0.0,126,0.0035
conv_ai_ai_reverse_turing_claudesonnet4_gpt54mini_F2_1775423379,ai_ai_reverse_turing,13,2.8571,210,0.0091
conv_ai_ai_reverse_turing_claudesonnet4_gpt54mini_F2_1775423379,ai_ai_reverse_turing,14,1.2903,155,0.0036
conv_ai_ai_reverse_turing_claudesonnet4_gpt54mini_F2_1775423379,ai_ai_reverse_turing,15,1.3453,223,0.0047
conv_ai_ai_reverse_turing_claudesonnet4_gpt54mini_F2_1775423379,ai_ai_reverse_turing,16,1.3889,144,0.0
conv_ai_ai_reverse_turing_claudesonnet4_gpt54mini_F2_1775423379,ai_ai_reverse_turing,17,2.8708,209,0.0023
conv_ai_ai_reverse_turing_claudesonnet4_gpt54mini_F2_1775423379,ai_ai_reverse_turing,18,0.0,128,0.0
conv_ai_ai_reverse_turing_claudesonnet4_gpt54mini_F2_1775423379,ai_ai_reverse_turing,19,0.4484,223,0.0
conv_ai_ai_reverse_turing_claudesonnet4_gpt54mini_F2_1775423379,ai_ai_reverse_turing,20,0.0,140,0.0078
conv_ai_ai_reverse_turing_claudesonnet4_gpt54mini_F4_1775413578,ai_ai_reverse_turing,2,0.0,83,0.0
conv_ai_ai_reverse_turing_claudesonnet4_gpt54mini_F4_1775413578,ai_ai_reverse_turing,3,0.0,147,0.0
conv_ai_ai_reverse_turing_claudesonnet4_gpt54mini_F4_1775413578,ai_ai_reverse_turing,4,0.6061,165,0.0125
conv_ai_ai_reverse_turing_claudesonnet4_gpt54mini_F4_1775413578,ai_ai_reverse_turing,5,0.0,231,0.0
conv_ai_ai_reverse_turing_claudesonnet4_gpt54mini_F4_1775413578,ai_ai_reverse_turing,6,1.4851,202,0.0028
conv_ai_ai_reverse_turing_claudesonnet4_gpt54mini_F4_1775413578,ai_ai_reverse_turing,7,0.463,216,0.0
conv_ai_ai_reverse_turing_claudesonnet4_gpt54mini_F4_1775413578,ai_ai_reverse_turing,8,0.5848,171,0.0027
conv_ai_ai_reverse_turing_claudesonnet4_gpt54mini_F4_1775413578,ai_ai_reverse_turing,9,1.2448,241,0.0089
conv_ai_ai_reverse_turing_claudesonnet4_gpt54mini_F4_1775413578,ai_ai_reverse_turing,10,0.0,199,0.0027
conv_ai_ai_reverse_turing_claudesonnet4_gpt54mini_F4_1775413578,ai_ai_reverse_turing,11,0.4464,224,0.0066
conv_ai_ai_reverse_turing_claudesonnet4_gpt54mini_F4_1775413578,ai_ai_reverse_turing,12,0.8403,238,0.0047
conv_ai_ai_reverse_turing_claudesonnet4_gpt54mini_F4_1775413578,ai_ai_reverse_turing,13,0.4149,241,0.0044
conv_ai_ai_reverse_turing_claudesonnet4_gpt54mini_F4_1775413578,ai_ai_reverse_turing,14,0.8299,241,0.0021
conv_ai_ai_reverse_turing_claudesonnet4_gpt54mini_F4_1775413578,ai_ai_reverse_turing,15,1.2346,243,0.0042
conv_ai_ai_reverse_turing_claudesonnet4_gpt54mini_F4_1775413578,ai_ai_reverse_turing,16,1.3605,147,0.0053
conv_ai_ai_reverse_turing_claudesonnet4_gpt54mini_F4_1775413578,ai_ai_reverse_turing,17,0.0,217,0.0022
conv_ai_ai_reverse_turing_claudesonnet4_gpt54mini_F4_1775413578,ai_ai_reverse_turing,18,0.4444,225,0.0166
conv_ai_ai_reverse_turing_claudesonnet4_gpt54mini_F4_1775413578,ai_ai_reverse_turing,19,0.8264,242,0.0022
conv_ai_ai_reverse_turing_claudesonnet4_gpt54mini_F4_1775413578,ai_ai_reverse_turing,20,0.0,159,0.0188
conv_ai_ai_reverse_turing_claudesonnet4_llama4scout_F3_1775423504,ai_ai_reverse_turing,2,0.0,151,0.0
conv_ai_ai_reverse_turing_claudesonnet4_llama4scout_F3_1775423504,ai_ai_reverse_turing,3,0.4329,231,0.0
conv_ai_ai_reverse_turing_claudesonnet4_llama4scout_F3_1775423504,ai_ai_reverse_turing,4,1.7301,289,0.0239
conv_ai_ai_reverse_turing_claudesonnet4_llama4scout_F3_1775423504,ai_ai_reverse_turing,5,1.2097,248,0.0085
conv_ai_ai_reverse_turing_claudesonnet4_llama4scout_F3_1775423504,ai_ai_reverse_turing,6,1.9417,206,0.0146
conv_ai_ai_reverse_turing_claudesonnet4_llama4scout_F3_1775423504,ai_ai_reverse_turing,7,1.145,262,0.006
conv_ai_ai_reverse_turing_claudesonnet4_llama4scout_F3_1775423504,ai_ai_reverse_turing,8,5.1282,234,0.0169
conv_ai_ai_reverse_turing_claudesonnet4_llama4scout_F3_1775423504,ai_ai_reverse_turing,9,0.0,229,0.0021
conv_ai_ai_reverse_turing_claudesonnet4_llama4scout_F3_1775423504,ai_ai_reverse_turing,10,4.2017,238,0.033
conv_ai_ai_reverse_turing_claudesonnet4_llama4scout_F3_1775423504,ai_ai_reverse_turing,11,1.6667,240,0.0065
conv_ai_ai_reverse_turing_claudesonnet4_llama4scout_F3_1775423504,ai_ai_reverse_turing,12,4.3243,185,0.0561
conv_ai_ai_reverse_turing_claudesonnet4_llama4scout_F3_1775423504,ai_ai_reverse_turing,13,0.8368,239,0.0021
conv_ai_ai_reverse_turing_claudesonnet4_llama4scout_F3_1775423504,ai_ai_reverse_turing,14,2.8369,141,0.0268
conv_ai_ai_reverse_turing_claudesonnet4_llama4scout_F3_1775423504,ai_ai_reverse_turing,15,2.7027,222,0.0089
conv_ai_ai_reverse_turing_claudesonnet4_llama4scout_F3_1775423504,ai_ai_reverse_turing,16,2.8436,211,0.0473
conv_ai_ai_reverse_turing_claudesonnet4_llama4scout_F3_1775423504,ai_ai_reverse_turing,17,0.885,226,0.0114
conv_ai_ai_reverse_turing_claudesonnet4_llama4scout_F3_1775423504,ai_ai_reverse_turing,18,3.4014,147,0.0464
conv_ai_ai_reverse_turing_claudesonnet4_llama4scout_F3_1775423504,ai_ai_reverse_turing,19,0.4566,219,0.0046
conv_ai_ai_reverse_turing_claudesonnet4_llama4scout_F3_1775423504,ai_ai_reverse_turing,20,0.0,91,0.0413
conv_ai_ai_reverse_turing_claudesonnet4_llama4scout_F4_1775423625,ai_ai_reverse_turing,2,1.1494,174,0.0
conv_ai_ai_reverse_turing_claudesonnet4_llama4scout_F4_1775423625,ai_ai_reverse_turing,3,0.0,216,0.0
conv_ai_ai_reverse_turing_claudesonnet4_llama4scout_F4_1775423625,ai_ai_reverse_turing,4,0.4348,230,0.0102
conv_ai_ai_reverse_turing_claudesonnet4_llama4scout_F4_1775423625,ai_ai_reverse_turing,5,1.6878,237,0.0
conv_ai_ai_reverse_turing_claudesonnet4_llama4scout_F4_1775423625,ai_ai_reverse_turing,6,0.6849,292,0.0138
conv_ai_ai_reverse_turing_claudesonnet4_llama4scout_F4_1775423625,ai_ai_reverse_turing,7,0.813,246,0.0021
conv_ai_ai_reverse_turing_claudesonnet4_llama4scout_F4_1775423625,ai_ai_reverse_turing,8,2.4896,241,0.0135
conv_ai_ai_reverse_turing_claudesonnet4_llama4scout_F4_1775423625,ai_ai_reverse_turing,9,1.2712,236,0.0084
conv_ai_ai_reverse_turing_claudesonnet4_llama4scout_F4_1775423625,ai_ai_reverse_turing,10,0.7605,263,0.004
conv_ai_ai_reverse_turing_claudesonnet4_llama4scout_F4_1775423625,ai_ai_reverse_turing,11,0.4202,238,0.0
conv_ai_ai_reverse_turing_claudesonnet4_llama4scout_F4_1775423625,ai_ai_reverse_turing,12,1.4706,272,0.0057
conv_ai_ai_reverse_turing_claudesonnet4_llama4scout_F4_1775423625,ai_ai_reverse_turing,13,0.0,229,0.0022
conv_ai_ai_reverse_turing_claudesonnet4_llama4scout_F4_1775423625,ai_ai_reverse_turing,14,4.9505,202,0.0088
conv_ai_ai_reverse_turing_claudesonnet4_llama4scout_F4_1775423625,ai_ai_reverse_turing,15,0.4255,235,0.011
conv_ai_ai_reverse_turing_claudesonnet4_llama4scout_F4_1775423625,ai_ai_reverse_turing,16,1.0526,190,0.0
conv_ai_ai_reverse_turing_claudesonnet4_llama4scout_F4_1775423625,ai_ai_reverse_turing,17,0.8475,236,0.0065
conv_ai_ai_reverse_turing_claudesonnet4_llama4scout_F4_1775423625,ai_ai_reverse_turing,18,3.3493,209,0.0052
conv_ai_ai_reverse_turing_claudesonnet4_llama4scout_F4_1775423625,ai_ai_reverse_turing,19,1.9608,204,0.007
conv_ai_ai_reverse_turing_claudesonnet4_llama4scout_F4_1775423625,ai_ai_reverse_turing,20,2.5,240,0.0386
conv_ai_ai_reverse_turing_gemini25flash_claudesonnet4_F1_1775423967,ai_ai_reverse_turing,2,0.0,93,0.0
conv_ai_ai_reverse_turing_gemini25flash_claudesonnet4_F1_1775423967,ai_ai_reverse_turing,3,0.7752,129,0.0
conv_ai_ai_reverse_turing_gemini25flash_claudesonnet4_F1_1775423967,ai_ai_reverse_turing,4,1.5873,189,0.0
conv_ai_ai_reverse_turing_gemini25flash_claudesonnet4_F1_1775423967,ai_ai_reverse_turing,5,0.5208,192,0.0
conv_ai_ai_reverse_turing_gemini25flash_claudesonnet4_F1_1775423967,ai_ai_reverse_turing,6,0.8889,225,0.0049
conv_ai_ai_reverse_turing_gemini25flash_claudesonnet4_F1_1775423967,ai_ai_reverse_turing,7,0.7968,251,0.0
conv_ai_ai_reverse_turing_gemini25flash_claudesonnet4_F1_1775423967,ai_ai_reverse_turing,8,0.0,247,0.0021
conv_ai_ai_reverse_turing_gemini25flash_claudesonnet4_F1_1775423967,ai_ai_reverse_turing,9,2.1538,325,0.0035
conv_ai_ai_reverse_turing_gemini25flash_claudesonnet4_F1_1775423967,ai_ai_reverse_turing,10,0.7722,259,0.006
conv_ai_ai_reverse_turing_gemini25flash_claudesonnet4_F1_1775423967,ai_ai_reverse_turing,11,1.0724,373,0.0029
conv_ai_ai_reverse_turing_gemini25flash_claudesonnet4_F1_1775423967,ai_ai_reverse_turing,12,0.4049,247,0.004
conv_ai_ai_reverse_turing_gemini25flash_claudesonnet4_F1_1775423967,ai_ai_reverse_turing,13,0.7371,407,0.0065
conv_ai_ai_reverse_turing_gemini25flash_claudesonnet4_F1_1775423967,ai_ai_reverse_turing,14,1.1811,254,0.004
conv_ai_ai_reverse_turing_gemini25flash_claudesonnet4_F1_1775423967,ai_ai_reverse_turing,15,1.6854,356,0.0013
conv_ai_ai_reverse_turing_gemini25flash_claudesonnet4_F1_1775423967,ai_ai_reverse_turing,16,1.1765,255,0.006
conv_ai_ai_reverse_turing_gemini25flash_claudesonnet4_F1_1775423967,ai_ai_reverse_turing,17,0.9346,321,0.003
conv_ai_ai_reverse_turing_gemini25flash_claudesonnet4_F1_1775423967,ai_ai_reverse_turing,18,0.692,289,0.0132
conv_ai_ai_reverse_turing_gemini25flash_claudesonnet4_F1_1775423967,ai_ai_reverse_turing,19,0.3268,306,0.0032
conv_ai_ai_reverse_turing_gemini25flash_claudesonnet4_F1_1775423967,ai_ai_reverse_turing,20,1.6611,301,0.0
conv_ai_ai_reverse_turing_gemini25flash_claudesonnet4_F2_1775423748,ai_ai_reverse_turing,2,0.0,88,0.0
conv_ai_ai_reverse_turing_gemini25flash_claudesonnet4_F2_1775423748,ai_ai_reverse_turing,3,1.0363,193,0.0
conv_ai_ai_reverse_turing_gemini25flash_claudesonnet4_F2_1775423748,ai_ai_reverse_turing,4,0.5025,199,0.0071
conv_ai_ai_reverse_turing_gemini25flash_claudesonnet4_F2_1775423748,ai_ai_reverse_turing,5,1.2539,319,0.0
conv_ai_ai_reverse_turing_gemini25flash_claudesonnet4_F2_1775423748,ai_ai_reverse_turing,6,0.0,235,0.0214
conv_ai_ai_reverse_turing_gemini25flash_claudesonnet4_F2_1775423748,ai_ai_reverse_turing,7,0.2762,362,0.0
conv_ai_ai_reverse_turing_gemini25flash_claudesonnet4_F2_1775423748,ai_ai_reverse_turing,8,0.0,246,0.0042
conv_ai_ai_reverse_turing_gemini25flash_claudesonnet4_F2_1775423748,ai_ai_reverse_turing,9,1.3228,378,0.0055
conv_ai_ai_reverse_turing_gemini25flash_claudesonnet4_F2_1775423748,ai_ai_reverse_turing,10,0.9434,212,0.0089
conv_ai_ai_reverse_turing_gemini25flash_claudesonnet4_F2_1775423748,ai_ai_reverse_turing,11,1.2766,470,0.0206
conv_ai_ai_reverse_turing_gemini25flash_claudesonnet4_F2_1775423748,ai_ai_reverse_turing,12,0.3953,253,0.0132
conv_ai_ai_reverse_turing_gemini25flash_claudesonnet4_F2_1775423748,ai_ai_reverse_turing,13,1.2739,471,0.0208
conv_ai_ai_reverse_turing_gemini25flash_claudesonnet4_F2_1775423748,ai_ai_reverse_turing,14,1.4235,281,0.0019
conv_ai_ai_reverse_turing_gemini25flash_claudesonnet4_F2_1775423748,ai_ai_reverse_turing,15,2.5974,385,0.0012
conv_ai_ai_reverse_turing_gemini25flash_claudesonnet4_F2_1775423748,ai_ai_reverse_turing,16,1.1152,269,0.0056
conv_ai_ai_reverse_turing_gemini25flash_claudesonnet4_F2_1775423748,ai_ai_reverse_turing,17,1.9672,305,0.0059
conv_ai_ai_reverse_turing_gemini25flash_claudesonnet4_F2_1775423748,ai_ai_reverse_turing,18,0.6873,291,0.0109
conv_ai_ai_reverse_turing_gemini25flash_claudesonnet4_F2_1775423748,ai_ai_reverse_turing,19,1.2085,331,0.008
conv_ai_ai_reverse_turing_gemini25flash_claudesonnet4_F2_1775423748,ai_ai_reverse_turing,20,2.0,200,0.0
conv_ai_ai_reverse_turing_gemini25flash_gpt54mini_F1_1775424177,ai_ai_reverse_turing,2,0.0,14,0.0
conv_ai_ai_reverse_turing_gemini25flash_gpt54mini_F1_1775424177,ai_ai_reverse_turing,3,6.0,50,0.0
conv_ai_ai_reverse_turing_gemini25flash_gpt54mini_F1_1775424177,ai_ai_reverse_turing,4,0.0,85,0.0
conv_ai_ai_reverse_turing_gemini25flash_gpt54mini_F1_1775424177,ai_ai_reverse_turing,5,1.2121,165,0.0048
conv_ai_ai_reverse_turing_gemini25flash_gpt54mini_F1_1775424177,ai_ai_reverse_turing,6,2.0134,149,0.0
conv_ai_ai_reverse_turing_gemini25flash_gpt54mini_F1_1775424177,ai_ai_reverse_turing,7,0.4566,219,0.0
conv_ai_ai_reverse_turing_gemini25flash_gpt54mini_F1_1775424177,ai_ai_reverse_turing,8,1.4493,138,0.0
conv_ai_ai_reverse_turing_gemini25flash_gpt54mini_F1_1775424177,ai_ai_reverse_turing,9,0.8,250,0.0043
conv_ai_ai_reverse_turing_gemini25flash_gpt54mini_F1_1775424177,ai_ai_reverse_turing,10,1.4085,142,0.0073
conv_ai_ai_reverse_turing_gemini25flash_gpt54mini_F1_1775424177,ai_ai_reverse_turing,11,0.6135,163,0.0
conv_ai_ai_reverse_turing_gemini25flash_gpt54mini_F1_1775424177,ai_ai_reverse_turing,12,0.0,142,0.0036
conv_ai_ai_reverse_turing_gemini25flash_gpt54mini_F1_1775424177,ai_ai_reverse_turing,13,1.8519,162,0.0063
conv_ai_ai_reverse_turing_gemini25flash_gpt54mini_F1_1775424177,ai_ai_reverse_turing,14,0.0,141,0.0
conv_ai_ai_reverse_turing_gemini25flash_gpt54mini_F1_1775424177,ai_ai_reverse_turing,15,2.7523,109,0.0
conv_ai_ai_reverse_turing_gemini25flash_gpt54mini_F1_1775424177,ai_ai_reverse_turing,16,0.8772,114,0.004
conv_ai_ai_reverse_turing_gemini25flash_gpt54mini_F1_1775424177,ai_ai_reverse_turing,17,0.0,146,0.0
conv_ai_ai_reverse_turing_gemini25flash_gpt54mini_F1_1775424177,ai_ai_reverse_turing,18,2.1053,95,0.0
conv_ai_ai_reverse_turing_gemini25flash_gpt54mini_F1_1775424177,ai_ai_reverse_turing,19,0.0,218,0.0028
conv_ai_ai_reverse_turing_gemini25flash_gpt54mini_F1_1775424177,ai_ai_reverse_turing,20,2.2989,87,0.0
conv_ai_ai_reverse_turing_gemini25flash_gpt54mini_F3_1775424242,ai_ai_reverse_turing,2,1.8519,108,0.0
conv_ai_ai_reverse_turing_gemini25flash_gpt54mini_F3_1775424242,ai_ai_reverse_turing,3,0.0,177,0.0
conv_ai_ai_reverse_turing_gemini25flash_gpt54mini_F3_1775424242,ai_ai_reverse_turing,4,2.439,123,0.0
conv_ai_ai_reverse_turing_gemini25flash_gpt54mini_F3_1775424242,ai_ai_reverse_turing,5,0.7663,261,0.0046
conv_ai_ai_reverse_turing_gemini25flash_gpt54mini_F3_1775424242,ai_ai_reverse_turing,6,0.0,142,0.0
conv_ai_ai_reverse_turing_gemini25flash_gpt54mini_F3_1775424242,ai_ai_reverse_turing,7,0.4651,215,0.0043
conv_ai_ai_reverse_turing_gemini25flash_gpt54mini_F3_1775424242,ai_ai_reverse_turing,8,1.2346,162,0.0067
conv_ai_ai_reverse_turing_gemini25flash_gpt54mini_F3_1775424242,ai_ai_reverse_turing,9,1.4563,206,0.0024
conv_ai_ai_reverse_turing_gemini25flash_gpt54mini_F3_1775424242,ai_ai_reverse_turing,10,1.8634,161,0.0257
conv_ai_ai_reverse_turing_gemini25flash_gpt54mini_F3_1775424242,ai_ai_reverse_turing,11,0.5025,199,0.0025
conv_ai_ai_reverse_turing_gemini25flash_gpt54mini_F3_1775424242,ai_ai_reverse_turing,12,0.6289,159,0.0
conv_ai_ai_reverse_turing_gemini25flash_gpt54mini_F3_1775424242,ai_ai_reverse_turing,13,0.8889,225,0.0024
conv_ai_ai_reverse_turing_gemini25flash_gpt54mini_F3_1775424242,ai_ai_reverse_turing,14,0.9259,108,0.0
conv_ai_ai_reverse_turing_gemini25flash_gpt54mini_F3_1775424242,ai_ai_reverse_turing,15,1.005,199,0.0048
conv_ai_ai_reverse_turing_gemini25flash_gpt54mini_F3_1775424242,ai_ai_reverse_turing,16,1.0,100,0.0049
conv_ai_ai_reverse_turing_gemini25flash_gpt54mini_F3_1775424242,ai_ai_reverse_turing,17,0.9615,208,0.005
conv_ai_ai_reverse_turing_gemini25flash_gpt54mini_F3_1775424242,ai_ai_reverse_turing,18,2.0979,143,0.0
conv_ai_ai_reverse_turing_gemini25flash_gpt54mini_F3_1775424242,ai_ai_reverse_turing,19,0.4525,221,0.0
conv_ai_ai_reverse_turing_gemini25flash_gpt54mini_F3_1775424242,ai_ai_reverse_turing,20,0.0,121,0.0
conv_ai_ai_reverse_turing_gpt54mini_claudesonnet4_F4_1775413263,ai_ai_reverse_turing,2,1.4286,70,0.0
conv_ai_ai_reverse_turing_gpt54mini_claudesonnet4_F4_1775413263,ai_ai_reverse_turing,3,0.7937,126,0.0
conv_ai_ai_reverse_turing_gpt54mini_claudesonnet4_F4_1775413263,ai_ai_reverse_turing,4,0.5181,193,0.0078
conv_ai_ai_reverse_turing_gpt54mini_claudesonnet4_F4_1775413263,ai_ai_reverse_turing,5,1.107,271,0.0026
conv_ai_ai_reverse_turing_gpt54mini_claudesonnet4_F4_1775413263,ai_ai_reverse_turing,6,0.8929,224,0.0
conv_ai_ai_reverse_turing_gpt54mini_claudesonnet4_F4_1775413263,ai_ai_reverse_turing,7,0.6061,165,0.0047
conv_ai_ai_reverse_turing_gpt54mini_claudesonnet4_F4_1775413263,ai_ai_reverse_turing,8,0.4854,206,0.0
conv_ai_ai_reverse_turing_gpt54mini_claudesonnet4_F4_1775413263,ai_ai_reverse_turing,9,1.626,246,0.0025
conv_ai_ai_reverse_turing_gpt54mini_claudesonnet4_F4_1775413263,ai_ai_reverse_turing,10,0.4651,215,0.0073
conv_ai_ai_reverse_turing_gpt54mini_claudesonnet4_F4_1775413263,ai_ai_reverse_turing,11,2.1552,232,0.015
conv_ai_ai_reverse_turing_gpt54mini_claudesonnet4_F4_1775413263,ai_ai_reverse_turing,12,0.4673,214,0.0095
conv_ai_ai_reverse_turing_gpt54mini_claudesonnet4_F4_1775413263,ai_ai_reverse_turing,13,0.8772,228,0.0111
conv_ai_ai_reverse_turing_gpt54mini_claudesonnet4_F4_1775413263,ai_ai_reverse_turing,14,1.3274,226,0.0
conv_ai_ai_reverse_turing_gpt54mini_claudesonnet4_F4_1775413263,ai_ai_reverse_turing,15,2.9661,236,0.0044
conv_ai_ai_reverse_turing_gpt54mini_claudesonnet4_F4_1775413263,ai_ai_reverse_turing,16,1.7544,228,0.0045
conv_ai_ai_reverse_turing_gpt54mini_claudesonnet4_F4_1775413263,ai_ai_reverse_turing,17,1.3453,223,0.0022
conv_ai_ai_reverse_turing_gpt54mini_claudesonnet4_F4_1775413263,ai_ai_reverse_turing,18,1.3274,226,0.0022
conv_ai_ai_reverse_turing_gpt54mini_claudesonnet4_F4_1775413263,ai_ai_reverse_turing,19,1.2346,162,0.0412
conv_ai_ai_reverse_turing_gpt54mini_claudesonnet4_F4_1775413263,ai_ai_reverse_turing,20,0.5236,191,0.0223
conv_ai_ai_reverse_turing_gpt54mini_claudesonnet4_F5_1775413397,ai_ai_reverse_turing,2,0.8403,119,0.0
conv_ai_ai_reverse_turing_gpt54mini_claudesonnet4_F5_1775413397,ai_ai_reverse_turing,3,1.105,181,0.0
conv_ai_ai_reverse_turing_gpt54mini_claudesonnet4_F5_1775413397,ai_ai_reverse_turing,4,0.4464,224,0.0
conv_ai_ai_reverse_turing_gpt54mini_claudesonnet4_F5_1775413397,ai_ai_reverse_turing,5,1.2195,246,0.0048
conv_ai_ai_reverse_turing_gpt54mini_claudesonnet4_F5_1775413397,ai_ai_reverse_turing,6,1.2195,246,0.0065
conv_ai_ai_reverse_turing_gpt54mini_claudesonnet4_F5_1775413397,ai_ai_reverse_turing,7,2.0747,241,0.0021
conv_ai_ai_reverse_turing_gpt54mini_claudesonnet4_F5_1775413397,ai_ai_reverse_turing,8,2.8807,243,0.0
conv_ai_ai_reverse_turing_gpt54mini_claudesonnet4_F5_1775413397,ai_ai_reverse_turing,9,1.9841,252,0.0041
conv_ai_ai_reverse_turing_gpt54mini_claudesonnet4_F5_1775413397,ai_ai_reverse_turing,10,1.6194,247,0.0
conv_ai_ai_reverse_turing_gpt54mini_claudesonnet4_F5_1775413397,ai_ai_reverse_turing,11,1.0989,273,0.0097
conv_ai_ai_reverse_turing_gpt54mini_claudesonnet4_F5_1775413397,ai_ai_reverse_turing,12,0.4082,245,0.0062
conv_ai_ai_reverse_turing_gpt54mini_claudesonnet4_F5_1775413397,ai_ai_reverse_turing,13,0.8811,227,0.0041
conv_ai_ai_reverse_turing_gpt54mini_claudesonnet4_F5_1775413397,ai_ai_reverse_turing,14,0.8,250,0.0
conv_ai_ai_reverse_turing_gpt54mini_claudesonnet4_F5_1775413397,ai_ai_reverse_turing,15,0.8658,231,0.0112
conv_ai_ai_reverse_turing_gpt54mini_claudesonnet4_F5_1775413397,ai_ai_reverse_turing,16,2.0661,242,0.0062
conv_ai_ai_reverse_turing_gpt54mini_claudesonnet4_F5_1775413397,ai_ai_reverse_turing,17,1.2346,243,0.0064
conv_ai_ai_reverse_turing_gpt54mini_claudesonnet4_F5_1775413397,ai_ai_reverse_turing,18,0.8368,239,0.0
conv_ai_ai_reverse_turing_gpt54mini_claudesonnet4_F5_1775413397,ai_ai_reverse_turing,19,1.1561,173,0.0024
conv_ai_ai_reverse_turing_gpt54mini_claudesonnet4_F5_1775413397,ai_ai_reverse_turing,20,0.8811,227,0.0065
conv_ai_ai_reverse_turing_gpt54mini_gemini25flash_F3_1775413185,ai_ai_reverse_turing,2,0.0,107,0.0
conv_ai_ai_reverse_turing_gpt54mini_gemini25flash_F3_1775413185,ai_ai_reverse_turing,3,1.2987,154,0.0
conv_ai_ai_reverse_turing_gpt54mini_gemini25flash_F3_1775413185,ai_ai_reverse_turing,4,1.0811,185,0.0
conv_ai_ai_reverse_turing_gpt54mini_gemini25flash_F3_1775413185,ai_ai_reverse_turing,5,0.4167,240,0.0
conv_ai_ai_reverse_turing_gpt54mini_gemini25flash_F3_1775413185,ai_ai_reverse_turing,6,2.2727,220,0.0101
conv_ai_ai_reverse_turing_gpt54mini_gemini25flash_F3_1775413185,ai_ai_reverse_turing,7,1.6393,183,0.0
conv_ai_ai_reverse_turing_gpt54mini_gemini25flash_F3_1775413185,ai_ai_reverse_turing,8,1.1278,266,0.0
conv_ai_ai_reverse_turing_gpt54mini_gemini25flash_F3_1775413185,ai_ai_reverse_turing,9,1.8405,163,0.0089
conv_ai_ai_reverse_turing_gpt54mini_gemini25flash_F3_1775413185,ai_ai_reverse_turing,10,0.4673,214,0.0064
conv_ai_ai_reverse_turing_gpt54mini_gemini25flash_F3_1775413185,ai_ai_reverse_turing,11,1.5707,191,0.0058
conv_ai_ai_reverse_turing_gpt54mini_gemini25flash_F3_1775413185,ai_ai_reverse_turing,12,0.5236,191,0.0
conv_ai_ai_reverse_turing_gpt54mini_gemini25flash_F3_1775413185,ai_ai_reverse_turing,13,1.4778,203,0.0026
conv_ai_ai_reverse_turing_gpt54mini_gemini25flash_F3_1775413185,ai_ai_reverse_turing,14,0.9259,216,0.0
conv_ai_ai_reverse_turing_gpt54mini_gemini25flash_F3_1775413185,ai_ai_reverse_turing,15,0.495,202,0.0051
conv_ai_ai_reverse_turing_gpt54mini_gemini25flash_F3_1775413185,ai_ai_reverse_turing,16,1.0101,198,0.0
conv_ai_ai_reverse_turing_gpt54mini_gemini25flash_F3_1775413185,ai_ai_reverse_turing,17,1.9048,105,0.0
conv_ai_ai_reverse_turing_gpt54mini_gemini25flash_F3_1775413185,ai_ai_reverse_turing,18,1.1905,84,0.0036
conv_ai_ai_reverse_turing_gpt54mini_gemini25flash_F3_1775413185,ai_ai_reverse_turing,19,0.0,34,0.015
conv_ai_ai_reverse_turing_gpt54mini_gemini25flash_F3_1775413185,ai_ai_reverse_turing,20,2.0833,48,0.0079
conv_ai_ai_reverse_turing_gpt54mini_gemini25flash_F5_1775413094,ai_ai_reverse_turing,2,0.0,83,0.0
conv_ai_ai_reverse_turing_gpt54mini_gemini25flash_F5_1775413094,ai_ai_reverse_turing,3,2.2346,179,0.0
conv_ai_ai_reverse_turing_gpt54mini_gemini25flash_F5_1775413094,ai_ai_reverse_turing,4,0.885,226,0.0
conv_ai_ai_reverse_turing_gpt54mini_gemini25flash_F5_1775413094,ai_ai_reverse_turing,5,0.8108,370,0.0019
conv_ai_ai_reverse_turing_gpt54mini_gemini25flash_F5_1775413094,ai_ai_reverse_turing,6,1.5015,333,0.0018
conv_ai_ai_reverse_turing_gpt54mini_gemini25flash_F5_1775413094,ai_ai_reverse_turing,7,1.049,286,0.0062
conv_ai_ai_reverse_turing_gpt54mini_gemini25flash_F5_1775413094,ai_ai_reverse_turing,8,1.2384,323,0.0
conv_ai_ai_reverse_turing_gpt54mini_gemini25flash_F5_1775413094,ai_ai_reverse_turing,9,1.3453,223,0.004
conv_ai_ai_reverse_turing_gpt54mini_gemini25flash_F5_1775413094,ai_ai_reverse_turing,10,0.6452,310,0.0032
conv_ai_ai_reverse_turing_gpt54mini_gemini25flash_F5_1775413094,ai_ai_reverse_turing,11,0.5525,181,0.0051
conv_ai_ai_reverse_turing_gpt54mini_gemini25flash_F5_1775413094,ai_ai_reverse_turing,12,1.2232,327,0.0016
conv_ai_ai_reverse_turing_gpt54mini_gemini25flash_F5_1775413094,ai_ai_reverse_turing,13,0.8511,235,0.0099
conv_ai_ai_reverse_turing_gpt54mini_gemini25flash_F5_1775413094,ai_ai_reverse_turing,14,0.3401,294,0.0
conv_ai_ai_reverse_turing_gpt54mini_gemini25flash_F5_1775413094,ai_ai_reverse_turing,15,0.9464,317,0.0
conv_ai_ai_reverse_turing_gpt54mini_gemini25flash_F5_1775413094,ai_ai_reverse_turing,16,1.0,200,0.0021
conv_ai_ai_reverse_turing_gpt54mini_gemini25flash_F5_1775413094,ai_ai_reverse_turing,17,0.6289,159,0.0
conv_ai_ai_reverse_turing_gpt54mini_gemini25flash_F5_1775413094,ai_ai_reverse_turing,18,0.4762,210,0.0125
conv_ai_ai_reverse_turing_gpt54mini_gemini25flash_F5_1775413094,ai_ai_reverse_turing,19,1.1364,88,0.0
conv_ai_ai_reverse_turing_gpt54mini_gemini25flash_F5_1775413094,ai_ai_reverse_turing,20,0.0,55,0.0038
conv_ai_ai_reverse_turing_gpt54mini_llama4scout_F1_1775412257,ai_ai_reverse_turing,2,0.0,65,0.0
conv_ai_ai_reverse_turing_gpt54mini_llama4scout_F1_1775412257,ai_ai_reverse_turing,3,1.6667,120,0.0
conv_ai_ai_reverse_turing_gpt54mini_llama4scout_F1_1775412257,ai_ai_reverse_turing,4,0.0,168,0.0
conv_ai_ai_reverse_turing_gpt54mini_llama4scout_F1_1775412257,ai_ai_reverse_turing,5,0.0,141,0.0039
conv_ai_ai_reverse_turing_gpt54mini_llama4scout_F1_1775412257,ai_ai_reverse_turing,6,0.0,260,0.0242
conv_ai_ai_reverse_turing_gpt54mini_llama4scout_F1_1775412257,ai_ai_reverse_turing,7,2.2989,174,0.0
conv_ai_ai_reverse_turing_gpt54mini_llama4scout_F1_1775412257,ai_ai_reverse_turing,8,1.9293,311,0.0107
conv_ai_ai_reverse_turing_gpt54mini_llama4scout_F1_1775412257,ai_ai_reverse_turing,9,0.7752,129,0.0034
conv_ai_ai_reverse_turing_gpt54mini_llama4scout_F1_1775412257,ai_ai_reverse_turing,10,1.0067,298,0.0067
conv_ai_ai_reverse_turing_gpt54mini_llama4scout_F1_1775412257,ai_ai_reverse_turing,11,0.7752,129,0.0
conv_ai_ai_reverse_turing_gpt54mini_llama4scout_F1_1775412257,ai_ai_reverse_turing,12,0.5236,191,0.0148
conv_ai_ai_reverse_turing_gpt54mini_llama4scout_F1_1775412257,ai_ai_reverse_turing,13,0.0,77,0.0
conv_ai_ai_reverse_turing_gpt54mini_llama4scout_F1_1775412257,ai_ai_reverse_turing,14,1.4815,135,0.0604
conv_ai_ai_reverse_turing_gpt54mini_llama4scout_F1_1775412257,ai_ai_reverse_turing,15,0.0,44,0.0
conv_ai_ai_reverse_turing_gpt54mini_llama4scout_F1_1775412257,ai_ai_reverse_turing,16,2.0619,97,0.0321
conv_ai_ai_reverse_turing_gpt54mini_llama4scout_F1_1775412257,ai_ai_reverse_turing,17,6.0,50,0.0
conv_ai_ai_reverse_turing_gpt54mini_llama4scout_F1_1775412257,ai_ai_reverse_turing,18,2.2989,87,0.0286
conv_ai_ai_reverse_turing_gpt54mini_llama4scout_F1_1775412257,ai_ai_reverse_turing,19,0.0,21,0.0
conv_ai_ai_reverse_turing_gpt54mini_llama4scout_F1_1775412257,ai_ai_reverse_turing,20,1.5385,65,0.0137
conv_ai_ai_reverse_turing_gpt54mini_llama4scout_F1_1775412731,ai_ai_reverse_turing,2,0.0,49,0.0
conv_ai_ai_reverse_turing_gpt54mini_llama4scout_F1_1775412731,ai_ai_reverse_turing,3,1.4925,67,0.0
conv_ai_ai_reverse_turing_gpt54mini_llama4scout_F1_1775412731,ai_ai_reverse_turing,4,0.6061,165,0.0
conv_ai_ai_reverse_turing_gpt54mini_llama4scout_F1_1775412731,ai_ai_reverse_turing,5,1.0,200,0.0
conv_ai_ai_reverse_turing_gpt54mini_llama4scout_F1_1775412731,ai_ai_reverse_turing,6,1.7544,171,0.0186
conv_ai_ai_reverse_turing_gpt54mini_llama4scout_F1_1775412731,ai_ai_reverse_turing,7,0.0,61,0.004
conv_ai_ai_reverse_turing_gpt54mini_llama4scout_F1_1775412731,ai_ai_reverse_turing,8,0.0,89,0.0
conv_ai_ai_reverse_turing_gpt54mini_llama4scout_F1_1775412731,ai_ai_reverse_turing,9,2.2388,134,0.0108
conv_ai_ai_reverse_turing_gpt54mini_llama4scout_F1_1775412731,ai_ai_reverse_turing,10,2.0325,246,0.0396
conv_ai_ai_reverse_turing_gpt54mini_llama4scout_F1_1775412731,ai_ai_reverse_turing,11,0.8197,122,0.0163
conv_ai_ai_reverse_turing_gpt54mini_llama4scout_F1_1775412731,ai_ai_reverse_turing,12,4.6667,150,0.0191
conv_ai_ai_reverse_turing_gpt54mini_llama4scout_F1_1775412731,ai_ai_reverse_turing,13,0.0,17,0.0
conv_ai_ai_reverse_turing_gpt54mini_llama4scout_F1_1775412731,ai_ai_reverse_turing,14,4.0,175,0.0129
conv_ai_ai_reverse_turing_gpt54mini_llama4scout_F1_1775412731,ai_ai_reverse_turing,15,0.0,51,0.0
conv_ai_ai_reverse_turing_gpt54mini_llama4scout_F1_1775412731,ai_ai_reverse_turing,16,1.6,125,0.0035
conv_ai_ai_reverse_turing_gpt54mini_llama4scout_F1_1775412731,ai_ai_reverse_turing,17,0.4785,209,0.0121
conv_ai_ai_reverse_turing_gpt54mini_llama4scout_F1_1775412731,ai_ai_reverse_turing,18,0.0,156,0.011
conv_ai_ai_reverse_turing_gpt54mini_llama4scout_F1_1775412731,ai_ai_reverse_turing,19,1.0345,290,0.021
conv_ai_ai_reverse_turing_gpt54mini_llama4scout_F1_1775412731,ai_ai_reverse_turing,20,0.5618,178,0.0513
conv_ai_ai_reverse_turing_gpt54mini_llama4scout_F4_1775412779,ai_ai_reverse_turing,2,0.8333,120,0.0
conv_ai_ai_reverse_turing_gpt54mini_llama4scout_F4_1775412779,ai_ai_reverse_turing,3,1.8987,158,0.0
conv_ai_ai_reverse_turing_gpt54mini_llama4scout_F4_1775412779,ai_ai_reverse_turing,4,1.8315,273,0.0132
conv_ai_ai_reverse_turing_gpt54mini_llama4scout_F4_1775412779,ai_ai_reverse_turing,5,1.1561,173,0.0062
conv_ai_ai_reverse_turing_gpt54mini_llama4scout_F4_1775412779,ai_ai_reverse_turing,6,2.3529,255,0.0079
conv_ai_ai_reverse_turing_gpt54mini_llama4scout_F4_1775412779,ai_ai_reverse_turing,7,1.0638,188,0.0
conv_ai_ai_reverse_turing_gpt54mini_llama4scout_F4_1775412779,ai_ai_reverse_turing,8,1.049,286,0.0057
conv_ai_ai_reverse_turing_gpt54mini_llama4scout_F4_1775412779,ai_ai_reverse_turing,9,1.6807,119,0.0033
conv_ai_ai_reverse_turing_gpt54mini_llama4scout_F4_1775412779,ai_ai_reverse_turing,10,1.81,221,0.0081
conv_ai_ai_reverse_turing_gpt54mini_llama4scout_F4_1775412779,ai_ai_reverse_turing,11,0.0,115,0.0
conv_ai_ai_reverse_turing_gpt54mini_llama4scout_F4_1775412779,ai_ai_reverse_turing,12,1.1299,177,0.0208
conv_ai_ai_reverse_turing_gpt54mini_llama4scout_F4_1775412779,ai_ai_reverse_turing,13,0.0,143,0.004
conv_ai_ai_reverse_turing_gpt54mini_llama4scout_F4_1775412779,ai_ai_reverse_turing,14,0.8264,242,0.038
conv_ai_ai_reverse_turing_gpt54mini_llama4scout_F4_1775412779,ai_ai_reverse_turing,15,1.1494,174,0.0
conv_ai_ai_reverse_turing_gpt54mini_llama4scout_F4_1775412779,ai_ai_reverse_turing,16,1.7182,291,0.0098
conv_ai_ai_reverse_turing_gpt54mini_llama4scout_F4_1775412779,ai_ai_reverse_turing,17,1.0753,186,0.0057
conv_ai_ai_reverse_turing_gpt54mini_llama4scout_F4_1775412779,ai_ai_reverse_turing,18,0.8,250,0.0397
conv_ai_ai_reverse_turing_gpt54mini_llama4scout_F4_1775412779,ai_ai_reverse_turing,19,0.9174,109,0.0105
conv_ai_ai_reverse_turing_gpt54mini_llama4scout_F4_1775412779,ai_ai_reverse_turing,20,0.7874,127,0.0194
conv_ai_ai_reverse_turing_llama4scout_gemini25flash_F2_1775424480,ai_ai_reverse_turing,2,1.9802,101,0.0
conv_ai_ai_reverse_turing_llama4scout_gemini25flash_F2_1775424480,ai_ai_reverse_turing,3,0.5988,167,0.0
conv_ai_ai_reverse_turing_llama4scout_gemini25flash_F2_1775424480,ai_ai_reverse_turing,4,1.3652,293,0.0026
conv_ai_ai_reverse_turing_llama4scout_gemini25flash_F2_1775424480,ai_ai_reverse_turing,5,0.3125,320,0.0106
conv_ai_ai_reverse_turing_llama4scout_gemini25flash_F2_1775424480,ai_ai_reverse_turing,6,1.6949,236,0.0019
conv_ai_ai_reverse_turing_llama4scout_gemini25flash_F2_1775424480,ai_ai_reverse_turing,7,0.5571,359,0.0308
conv_ai_ai_reverse_turing_llama4scout_gemini25flash_F2_1775424480,ai_ai_reverse_turing,8,0.9231,325,0.0072
conv_ai_ai_reverse_turing_llama4scout_gemini25flash_F2_1775424480,ai_ai_reverse_turing,9,1.7766,394,0.0444
conv_ai_ai_reverse_turing_llama4scout_gemini25flash_F2_1775424480,ai_ai_reverse_turing,10,1.3468,297,0.0115
conv_ai_ai_reverse_turing_llama4scout_gemini25flash_F2_1775424480,ai_ai_reverse_turing,11,0.9404,319,0.0346
conv_ai_ai_reverse_turing_llama4scout_gemini25flash_F2_1775424480,ai_ai_reverse_turing,12,0.722,277,0.0161
conv_ai_ai_reverse_turing_llama4scout_gemini25flash_F2_1775424480,ai_ai_reverse_turing,13,2.2059,272,0.036
conv_ai_ai_reverse_turing_llama4scout_gemini25flash_F2_1775424480,ai_ai_reverse_turing,14,0.3922,255,0.0155
conv_ai_ai_reverse_turing_llama4scout_gemini25flash_F2_1775424480,ai_ai_reverse_turing,15,1.7241,174,0.0386
conv_ai_ai_reverse_turing_llama4scout_gemini25flash_F2_1775424480,ai_ai_reverse_turing,16,0.0,189,0.0186
conv_ai_ai_reverse_turing_llama4scout_gemini25flash_F2_1775424480,ai_ai_reverse_turing,17,1.4218,211,0.0751
conv_ai_ai_reverse_turing_llama4scout_gemini25flash_F2_1775424480,ai_ai_reverse_turing,18,0.6173,162,0.0549
conv_ai_ai_reverse_turing_llama4scout_gemini25flash_F2_1775424480,ai_ai_reverse_turing,19,1.5464,194,0.2012
conv_ai_ai_reverse_turing_llama4scout_gemini25flash_F2_1775424480,ai_ai_reverse_turing,20,0.0,214,0.0483
conv_ai_ai_reverse_turing_llama4scout_gemini25flash_F5_1775424403,ai_ai_reverse_turing,2,1.9108,157,0.0
conv_ai_ai_reverse_turing_llama4scout_gemini25flash_F5_1775424403,ai_ai_reverse_turing,3,0.0,160,0.0
conv_ai_ai_reverse_turing_llama4scout_gemini25flash_F5_1775424403,ai_ai_reverse_turing,4,0.5,200,0.0
conv_ai_ai_reverse_turing_llama4scout_gemini25flash_F5_1775424403,ai_ai_reverse_turing,5,1.4599,274,0.0142
conv_ai_ai_reverse_turing_llama4scout_gemini25flash_F5_1775424403,ai_ai_reverse_turing,6,0.7833,383,0.0017
conv_ai_ai_reverse_turing_llama4scout_gemini25flash_F5_1775424403,ai_ai_reverse_turing,7,1.1662,343,0.0218
conv_ai_ai_reverse_turing_llama4scout_gemini25flash_F5_1775424403,ai_ai_reverse_turing,8,0.6211,483,0.0083
conv_ai_ai_reverse_turing_llama4scout_gemini25flash_F5_1775424403,ai_ai_reverse_turing,9,0.5682,176,0.0079
conv_ai_ai_reverse_turing_llama4scout_gemini25flash_F5_1775424403,ai_ai_reverse_turing,10,0.6645,301,0.0184
conv_ai_ai_reverse_turing_llama4scout_gemini25flash_F5_1775424403,ai_ai_reverse_turing,11,0.0,107,0.0184
conv_ai_ai_reverse_turing_llama4scout_gemini25flash_F5_1775424403,ai_ai_reverse_turing,12,0.7463,268,0.4135
conv_ai_ai_reverse_turing_llama4scout_gemini25flash_F5_1775424403,ai_ai_reverse_turing,13,0.0,105,0.9434
conv_ai_ai_reverse_turing_llama4scout_gemini25flash_F5_1775424403,ai_ai_reverse_turing,14,1.5228,197,0.0177
conv_ai_ai_reverse_turing_llama4scout_gemini25flash_F5_1775424403,ai_ai_reverse_turing,15,0.4608,217,0.0162
conv_ai_ai_reverse_turing_llama4scout_gemini25flash_F5_1775424403,ai_ai_reverse_turing,16,0.8475,236,0.024
conv_ai_ai_reverse_turing_llama4scout_gemini25flash_F5_1775424403,ai_ai_reverse_turing,17,0.5952,168,0.0136
conv_ai_ai_reverse_turing_llama4scout_gemini25flash_F5_1775424403,ai_ai_reverse_turing,18,2.1429,140,0.0165
conv_ai_ai_reverse_turing_llama4scout_gemini25flash_F5_1775424403,ai_ai_reverse_turing,19,1.7699,113,0.1717
conv_ai_ai_reverse_turing_llama4scout_gemini25flash_F5_1775424403,ai_ai_reverse_turing,20,0.7752,129,0.0153
conv_ai_ai_reverse_turing_llama4scout_gpt54mini_F1_1775424360,ai_ai_reverse_turing,2,0.0,24,0.0
conv_ai_ai_reverse_turing_llama4scout_gpt54mini_F1_1775424360,ai_ai_reverse_turing,3,1.4706,68,0.0
conv_ai_ai_reverse_turing_llama4scout_gpt54mini_F1_1775424360,ai_ai_reverse_turing,4,0.0,72,0.0
conv_ai_ai_reverse_turing_llama4scout_gpt54mini_F1_1775424360,ai_ai_reverse_turing,5,1.0471,191,0.0039
conv_ai_ai_reverse_turing_llama4scout_gpt54mini_F1_1775424360,ai_ai_reverse_turing,6,0.9009,111,0.0
conv_ai_ai_reverse_turing_llama4scout_gpt54mini_F1_1775424360,ai_ai_reverse_turing,7,1.1364,176,0.0168
conv_ai_ai_reverse_turing_llama4scout_gpt54mini_F1_1775424360,ai_ai_reverse_turing,8,1.7391,115,0.0
conv_ai_ai_reverse_turing_llama4scout_gpt54mini_F1_1775424360,ai_ai_reverse_turing,9,1.3636,220,0.0374
conv_ai_ai_reverse_turing_llama4scout_gpt54mini_F1_1775424360,ai_ai_reverse_turing,10,0.0,154,0.0
conv_ai_ai_reverse_turing_llama4scout_gpt54mini_F1_1775424360,ai_ai_reverse_turing,11,1.5267,393,0.0118
conv_ai_ai_reverse_turing_llama4scout_gpt54mini_F1_1775424360,ai_ai_reverse_turing,12,1.2579,159,0.0098
conv_ai_ai_reverse_turing_llama4scout_gpt54mini_F1_1775424360,ai_ai_reverse_turing,13,3.7383,321,0.0162
conv_ai_ai_reverse_turing_llama4scout_gpt54mini_F1_1775424360,ai_ai_reverse_turing,14,0.7634,131,0.0035
conv_ai_ai_reverse_turing_llama4scout_gpt54mini_F1_1775424360,ai_ai_reverse_turing,15,2.1505,186,0.0146
conv_ai_ai_reverse_turing_llama4scout_gpt54mini_F1_1775424360,ai_ai_reverse_turing,16,0.885,113,0.0
conv_ai_ai_reverse_turing_llama4scout_gpt54mini_F1_1775424360,ai_ai_reverse_turing,17,2.9703,202,0.036
conv_ai_ai_reverse_turing_llama4scout_gpt54mini_F1_1775424360,ai_ai_reverse_turing,18,0.9259,108,0.0
conv_ai_ai_reverse_turing_llama4scout_gpt54mini_F1_1775424360,ai_ai_reverse_turing,19,0.7092,141,0.0189
conv_ai_ai_reverse_turing_llama4scout_gpt54mini_F1_1775424360,ai_ai_reverse_turing,20,0.0,54,0.0129
conv_ai_ai_reverse_turing_llama4scout_gpt54mini_F5_1775424310,ai_ai_reverse_turing,2,1.3699,73,0.0
conv_ai_ai_reverse_turing_llama4scout_gpt54mini_F5_1775424310,ai_ai_reverse_turing,3,0.6944,144,0.0
conv_ai_ai_reverse_turing_llama4scout_gpt54mini_F5_1775424310,ai_ai_reverse_turing,4,1.087,184,0.0
conv_ai_ai_reverse_turing_llama4scout_gpt54mini_F5_1775424310,ai_ai_reverse_turing,5,1.2618,317,0.0089
conv_ai_ai_reverse_turing_llama4scout_gpt54mini_F5_1775424310,ai_ai_reverse_turing,6,2.069,290,0.0021
conv_ai_ai_reverse_turing_llama4scout_gpt54mini_F5_1775424310,ai_ai_reverse_turing,7,1.5625,320,0.0213
conv_ai_ai_reverse_turing_llama4scout_gpt54mini_F5_1775424310,ai_ai_reverse_turing,8,1.7341,173,0.011
conv_ai_ai_reverse_turing_llama4scout_gpt54mini_F5_1775424310,ai_ai_reverse_turing,9,1.1494,261,0.0181
conv_ai_ai_reverse_turing_llama4scout_gpt54mini_F5_1775424310,ai_ai_reverse_turing,10,0.6369,157,0.0
conv_ai_ai_reverse_turing_llama4scout_gpt54mini_F5_1775424310,ai_ai_reverse_turing,11,1.9608,255,0.0144
conv_ai_ai_reverse_turing_llama4scout_gpt54mini_F5_1775424310,ai_ai_reverse_turing,12,2.7211,147,0.0067
conv_ai_ai_reverse_turing_llama4scout_gpt54mini_F5_1775424310,ai_ai_reverse_turing,13,2.4096,249,0.0652
conv_ai_ai_reverse_turing_llama4scout_gpt54mini_F5_1775424310,ai_ai_reverse_turing,14,2.2222,180,0.0063
conv_ai_ai_reverse_turing_llama4scout_gpt54mini_F5_1775424310,ai_ai_reverse_turing,15,0.7092,282,0.018
conv_ai_ai_reverse_turing_llama4scout_gpt54mini_F5_1775424310,ai_ai_reverse_turing,16,1.2739,157,0.0
conv_ai_ai_reverse_turing_llama4scout_gpt54mini_F5_1775424310,ai_ai_reverse_turing,17,2.2222,225,0.0103
conv_ai_ai_reverse_turing_llama4scout_gpt54mini_F5_1775424310,ai_ai_reverse_turing,18,3.3784,148,0.0067
conv_ai_ai_reverse_turing_llama4scout_gpt54mini_F5_1775424310,ai_ai_reverse_turing,19,1.9011,263,0.0175
conv_ai_ai_reverse_turing_llama4scout_gpt54mini_F5_1775424310,ai_ai_reverse_turing,20,1.6667,180,0.0062
conv_ai_ai_structured_claudesonnet4_gemini25flash_S10_1775425345,ai_ai_structured,2,0.9191,544,0.0
conv_ai_ai_structured_claudesonnet4_gemini25flash_S10_1775425345,ai_ai_structured,3,0.0,246,0.0
conv_ai_ai_structured_claudesonnet4_gemini25flash_S10_1775425345,ai_ai_structured,4,0.8032,498,0.002
conv_ai_ai_structured_claudesonnet4_gemini25flash_S10_1775425345,ai_ai_structured,5,0.0,289,0.0019
conv_ai_ai_structured_claudesonnet4_gemini25flash_S10_1775425345,ai_ai_structured,6,0.4706,425,0.0022
conv_ai_ai_structured_claudesonnet4_gemini25flash_S10_1775425345,ai_ai_structured,7,0.5141,389,0.0136
conv_ai_ai_structured_claudesonnet4_gemini25flash_S10_1775425345,ai_ai_structured,8,0.5357,560,0.0062
conv_ai_ai_structured_claudesonnet4_gemini25flash_S10_1775425345,ai_ai_structured,9,0.0,306,0.0044
conv_ai_ai_structured_claudesonnet4_gemini25flash_S10_1775425345,ai_ai_structured,10,0.2967,337,0.0045
conv_ai_ai_structured_claudesonnet4_gemini25flash_S10_1775425345,ai_ai_structured,11,0.0,258,0.0165
conv_ai_ai_structured_claudesonnet4_gemini25flash_S10_1775425345,ai_ai_structured,12,0.0,216,0.0092
conv_ai_ai_structured_claudesonnet4_gemini25flash_S10_1775425345,ai_ai_structured,13,0.0,130,0.0079
conv_ai_ai_structured_claudesonnet4_gemini25flash_S10_1775425345,ai_ai_structured,14,0.0,178,0.0156
conv_ai_ai_structured_claudesonnet4_gemini25flash_S10_1775425345,ai_ai_structured,15,0.0,143,0.0151
conv_ai_ai_structured_claudesonnet4_gemini25flash_S1_1775423896,ai_ai_structured,2,1.1312,442,0.0
conv_ai_ai_structured_claudesonnet4_gemini25flash_S1_1775423896,ai_ai_structured,3,1.9108,314,0.0
conv_ai_ai_structured_claudesonnet4_gemini25flash_S1_1775423896,ai_ai_structured,4,0.1337,748,0.0085
conv_ai_ai_structured_claudesonnet4_gemini25flash_S1_1775423896,ai_ai_structured,5,1.6484,364,0.006
conv_ai_ai_structured_claudesonnet4_gemini25flash_S1_1775423896,ai_ai_structured,6,0.4556,878,0.0069
conv_ai_ai_structured_claudesonnet4_gemini25flash_S1_1775423896,ai_ai_structured,7,0.5405,370,0.0098
conv_ai_ai_structured_claudesonnet4_gemini25flash_S1_1775423896,ai_ai_structured,8,0.2614,765,0.0068
conv_ai_ai_structured_claudesonnet4_gemini25flash_S1_1775423896,ai_ai_structured,9,1.2755,392,0.0108
conv_ai_ai_structured_claudesonnet4_gemini25flash_S1_1775423896,ai_ai_structured,10,0.1264,791,0.0033
conv_ai_ai_structured_claudesonnet4_gemini25flash_S1_1775423896,ai_ai_structured,11,0.5556,360,0.0054
conv_ai_ai_structured_claudesonnet4_gemini25flash_S1_1775423896,ai_ai_structured,12,0.0,341,0.0099
conv_ai_ai_structured_claudesonnet4_gemini25flash_S1_1775423896,ai_ai_structured,13,0.3676,272,0.013
conv_ai_ai_structured_claudesonnet4_gemini25flash_S1_1775423896,ai_ai_structured,14,0.0,263,0.0067
conv_ai_ai_structured_claudesonnet4_gemini25flash_S1_1775423896,ai_ai_structured,15,0.4115,243,0.016
conv_ai_ai_structured_claudesonnet4_gemini25flash_S2_1775424127,ai_ai_structured,2,0.0,355,0.0
conv_ai_ai_structured_claudesonnet4_gemini25flash_S2_1775424127,ai_ai_structured,3,0.885,226,0.0
conv_ai_ai_structured_claudesonnet4_gemini25flash_S2_1775424127,ai_ai_structured,4,0.3968,504,0.0024
conv_ai_ai_structured_claudesonnet4_gemini25flash_S2_1775424127,ai_ai_structured,5,0.7067,283,0.004
conv_ai_ai_structured_claudesonnet4_gemini25flash_S2_1775424127,ai_ai_structured,6,0.1287,777,0.0063
conv_ai_ai_structured_claudesonnet4_gemini25flash_S2_1775424127,ai_ai_structured,7,0.3425,292,0.0035
conv_ai_ai_structured_claudesonnet4_gemini25flash_S2_1775424127,ai_ai_structured,8,0.5457,733,0.0074
conv_ai_ai_structured_claudesonnet4_gemini25flash_S2_1775424127,ai_ai_structured,9,0.639,313,0.0
conv_ai_ai_structured_claudesonnet4_gemini25flash_S2_1775424127,ai_ai_structured,10,0.2513,398,0.0108
conv_ai_ai_structured_claudesonnet4_gemini25flash_S2_1775424127,ai_ai_structured,11,0.6515,307,0.0132
conv_ai_ai_structured_claudesonnet4_gemini25flash_S2_1775424127,ai_ai_structured,12,0.8242,364,0.0094
conv_ai_ai_structured_claudesonnet4_gemini25flash_S2_1775424127,ai_ai_structured,13,0.3984,251,0.0
conv_ai_ai_structured_claudesonnet4_gemini25flash_S2_1775424127,ai_ai_structured,14,0.8658,231,0.0103
conv_ai_ai_structured_claudesonnet4_gemini25flash_S2_1775424127,ai_ai_structured,15,0.4717,212,0.0223
conv_ai_ai_structured_claudesonnet4_gemini25flash_S3_1775424284,ai_ai_structured,2,0.0,123,0.0
conv_ai_ai_structured_claudesonnet4_gemini25flash_S3_1775424284,ai_ai_structured,3,1.0695,187,0.0
conv_ai_ai_structured_claudesonnet4_gemini25flash_S3_1775424284,ai_ai_structured,4,2.7523,218,0.0
conv_ai_ai_structured_claudesonnet4_gemini25flash_S3_1775424284,ai_ai_structured,5,2.8226,248,0.007
conv_ai_ai_structured_claudesonnet4_gemini25flash_S3_1775424284,ai_ai_structured,6,0.0,344,0.0036
conv_ai_ai_structured_claudesonnet4_gemini25flash_S3_1775424284,ai_ai_structured,7,0.4082,245,0.0041
conv_ai_ai_structured_claudesonnet4_gemini25flash_S3_1775424284,ai_ai_structured,8,0.0,280,0.0065
conv_ai_ai_structured_claudesonnet4_gemini25flash_S3_1775424284,ai_ai_structured,9,1.2346,243,0.0104
conv_ai_ai_structured_claudesonnet4_gemini25flash_S3_1775424284,ai_ai_structured,10,0.6623,453,0.0041
conv_ai_ai_structured_claudesonnet4_gemini25flash_S3_1775424284,ai_ai_structured,11,0.7812,256,0.0061
conv_ai_ai_structured_claudesonnet4_gemini25flash_S3_1775424284,ai_ai_structured,12,0.0,439,0.0114
conv_ai_ai_structured_claudesonnet4_gemini25flash_S3_1775424284,ai_ai_structured,13,0.0,264,0.0059
conv_ai_ai_structured_claudesonnet4_gemini25flash_S3_1775424284,ai_ai_structured,14,1.5385,260,0.0058
conv_ai_ai_structured_claudesonnet4_gemini25flash_S3_1775424284,ai_ai_structured,15,0.7968,251,0.002
conv_ai_ai_structured_claudesonnet4_gemini25flash_S4_1775424410,ai_ai_structured,2,1.0,100,0.0
conv_ai_ai_structured_claudesonnet4_gemini25flash_S4_1775424410,ai_ai_structured,3,3.3898,118,0.0
conv_ai_ai_structured_claudesonnet4_gemini25flash_S4_1775424410,ai_ai_structured,4,0.4717,212,0.0066
conv_ai_ai_structured_claudesonnet4_gemini25flash_S4_1775424410,ai_ai_structured,5,0.4673,214,0.0031
conv_ai_ai_structured_claudesonnet4_gemini25flash_S4_1775424410,ai_ai_structured,6,0.4,750,0.0097
conv_ai_ai_structured_claudesonnet4_gemini25flash_S4_1775424410,ai_ai_structured,7,0.3846,260,0.0086
conv_ai_ai_structured_claudesonnet4_gemini25flash_S4_1775424410,ai_ai_structured,8,1.0252,1073,0.0091
conv_ai_ai_structured_claudesonnet4_gemini25flash_S4_1775424410,ai_ai_structured,9,2.349,298,0.0185
conv_ai_ai_structured_claudesonnet4_gemini25flash_S4_1775424410,ai_ai_structured,10,0.8174,1101,0.0081
conv_ai_ai_structured_claudesonnet4_gemini25flash_S4_1775424410,ai_ai_structured,11,1.2987,308,0.0135
conv_ai_ai_structured_claudesonnet4_gemini25flash_S4_1775424410,ai_ai_structured,12,1.0299,971,0.0069
conv_ai_ai_structured_claudesonnet4_gemini25flash_S4_1775424410,ai_ai_structured,13,0.7353,272,0.0123
conv_ai_ai_structured_claudesonnet4_gemini25flash_S4_1775424410,ai_ai_structured,14,0.0,219,0.0017
conv_ai_ai_structured_claudesonnet4_gemini25flash_S4_1775424410,ai_ai_structured,15,0.9662,207,0.0151
conv_ai_ai_structured_claudesonnet4_gemini25flash_S5_1775424540,ai_ai_structured,2,0.3497,286,0.0
conv_ai_ai_structured_claudesonnet4_gemini25flash_S5_1775424540,ai_ai_structured,3,0.4762,210,0.0
conv_ai_ai_structured_claudesonnet4_gemini25flash_S5_1775424540,ai_ai_structured,4,0.4132,484,0.0041
conv_ai_ai_structured_claudesonnet4_gemini25flash_S5_1775424540,ai_ai_structured,5,0.9967,301,0.002
conv_ai_ai_structured_claudesonnet4_gemini25flash_S5_1775424540,ai_ai_structured,6,0.3026,661,0.0081
conv_ai_ai_structured_claudesonnet4_gemini25flash_S5_1775424540,ai_ai_structured,7,0.0,312,0.0033
conv_ai_ai_structured_claudesonnet4_gemini25flash_S5_1775424540,ai_ai_structured,8,0.6431,622,0.0024
conv_ai_ai_structured_claudesonnet4_gemini25flash_S5_1775424540,ai_ai_structured,9,1.3937,287,0.0068
conv_ai_ai_structured_claudesonnet4_gemini25flash_S5_1775424540,ai_ai_structured,10,0.1845,542,0.0052
conv_ai_ai_structured_claudesonnet4_gemini25flash_S5_1775424540,ai_ai_structured,11,1.3605,294,0.0053
conv_ai_ai_structured_claudesonnet4_gemini25flash_S5_1775424540,ai_ai_structured,12,1.0152,197,0.0153
conv_ai_ai_structured_claudesonnet4_gemini25flash_S5_1775424540,ai_ai_structured,13,0.4608,217,0.0243
conv_ai_ai_structured_claudesonnet4_gemini25flash_S5_1775424540,ai_ai_structured,14,0.5348,187,0.016
conv_ai_ai_structured_claudesonnet4_gemini25flash_S5_1775424540,ai_ai_structured,15,0.0,221,0.014
conv_ai_ai_structured_claudesonnet4_gemini25flash_S6_1775424675,ai_ai_structured,2,1.3944,502,0.0
conv_ai_ai_structured_claudesonnet4_gemini25flash_S6_1775424675,ai_ai_structured,3,0.4184,239,0.0
conv_ai_ai_structured_claudesonnet4_gemini25flash_S6_1775424675,ai_ai_structured,4,0.7585,791,0.0056
conv_ai_ai_structured_claudesonnet4_gemini25flash_S6_1775424675,ai_ai_structured,5,1.0714,280,0.0139
conv_ai_ai_structured_claudesonnet4_gemini25flash_S6_1775424675,ai_ai_structured,6,0.2506,798,0.0098
conv_ai_ai_structured_claudesonnet4_gemini25flash_S6_1775424675,ai_ai_structured,7,1.0601,283,0.0054
conv_ai_ai_structured_claudesonnet4_gemini25flash_S6_1775424675,ai_ai_structured,8,1.6688,779,0.0144
conv_ai_ai_structured_claudesonnet4_gemini25flash_S6_1775424675,ai_ai_structured,9,0.3559,281,0.0108
conv_ai_ai_structured_claudesonnet4_gemini25flash_S6_1775424675,ai_ai_structured,10,0.8861,790,0.0092
conv_ai_ai_structured_claudesonnet4_gemini25flash_S6_1775424675,ai_ai_structured,11,1.083,277,0.0109
conv_ai_ai_structured_claudesonnet4_gemini25flash_S6_1775424675,ai_ai_structured,12,0.3663,819,0.0076
conv_ai_ai_structured_claudesonnet4_gemini25flash_S6_1775424675,ai_ai_structured,13,1.5209,263,0.0094
conv_ai_ai_structured_claudesonnet4_gemini25flash_S6_1775424675,ai_ai_structured,14,1.2361,809,0.0031
conv_ai_ai_structured_claudesonnet4_gemini25flash_S6_1775424675,ai_ai_structured,15,0.7042,284,0.0074
conv_ai_ai_structured_claudesonnet4_gemini25flash_S7_1775424887,ai_ai_structured,2,0.7782,257,0.0
conv_ai_ai_structured_claudesonnet4_gemini25flash_S7_1775424887,ai_ai_structured,3,1.2821,234,0.0
conv_ai_ai_structured_claudesonnet4_gemini25flash_S7_1775424887,ai_ai_structured,4,0.4292,466,0.0101
conv_ai_ai_structured_claudesonnet4_gemini25flash_S7_1775424887,ai_ai_structured,5,0.8368,239,0.0065
conv_ai_ai_structured_claudesonnet4_gemini25flash_S7_1775424887,ai_ai_structured,6,0.7843,510,0.0106
conv_ai_ai_structured_claudesonnet4_gemini25flash_S7_1775424887,ai_ai_structured,7,1.2048,249,0.0042
conv_ai_ai_structured_claudesonnet4_gemini25flash_S7_1775424887,ai_ai_structured,8,1.0438,479,0.0062
conv_ai_ai_structured_claudesonnet4_gemini25flash_S7_1775424887,ai_ai_structured,9,2.3166,259,0.006
conv_ai_ai_structured_claudesonnet4_gemini25flash_S7_1775424887,ai_ai_structured,10,0.4747,632,0.0094
conv_ai_ai_structured_claudesonnet4_gemini25flash_S7_1775424887,ai_ai_structured,11,1.1364,264,0.0
conv_ai_ai_structured_claudesonnet4_gemini25flash_S7_1775424887,ai_ai_structured,12,0.545,367,0.0031
conv_ai_ai_structured_claudesonnet4_gemini25flash_S7_1775424887,ai_ai_structured,13,0.0,249,0.014
conv_ai_ai_structured_claudesonnet4_gemini25flash_S7_1775424887,ai_ai_structured,14,0.6897,435,0.0051
conv_ai_ai_structured_claudesonnet4_gemini25flash_S7_1775424887,ai_ai_structured,15,1.1494,261,0.0
conv_ai_ai_structured_claudesonnet4_gemini25flash_S8_1775425035,ai_ai_structured,2,0.5682,176,0.0
conv_ai_ai_structured_claudesonnet4_gemini25flash_S8_1775425035,ai_ai_structured,3,0.9174,218,0.0
conv_ai_ai_structured_claudesonnet4_gemini25flash_S8_1775425035,ai_ai_structured,4,0.616,487,0.0015
conv_ai_ai_structured_claudesonnet4_gemini25flash_S8_1775425035,ai_ai_structured,5,1.1278,266,0.0042
conv_ai_ai_structured_claudesonnet4_gemini25flash_S8_1775425035,ai_ai_structured,6,0.5515,544,0.0039
conv_ai_ai_structured_claudesonnet4_gemini25flash_S8_1775425035,ai_ai_structured,7,1.0989,273,0.0
conv_ai_ai_structured_claudesonnet4_gemini25flash_S8_1775425035,ai_ai_structured,8,0.5731,698,0.0057
conv_ai_ai_structured_claudesonnet4_gemini25flash_S8_1775425035,ai_ai_structured,9,2.0202,297,0.0054
conv_ai_ai_structured_claudesonnet4_gemini25flash_S8_1775425035,ai_ai_structured,10,2.2838,613,0.0031
conv_ai_ai_structured_claudesonnet4_gemini25flash_S8_1775425035,ai_ai_structured,11,0.974,308,0.0067
conv_ai_ai_structured_claudesonnet4_gemini25flash_S8_1775425035,ai_ai_structured,12,0.3831,261,0.0035
conv_ai_ai_structured_claudesonnet4_gemini25flash_S8_1775425035,ai_ai_structured,13,1.2097,248,0.0166
conv_ai_ai_structured_claudesonnet4_gemini25flash_S8_1775425035,ai_ai_structured,14,0.4673,214,0.0262
conv_ai_ai_structured_claudesonnet4_gemini25flash_S8_1775425035,ai_ai_structured,15,1.3575,221,0.0131
conv_ai_ai_structured_claudesonnet4_gemini25flash_S9_1775425164,ai_ai_structured,2,0.0,496,0.0
conv_ai_ai_structured_claudesonnet4_gemini25flash_S9_1775425164,ai_ai_structured,3,0.7547,265,0.0
conv_ai_ai_structured_claudesonnet4_gemini25flash_S9_1775425164,ai_ai_structured,4,0.692,867,0.0113
conv_ai_ai_structured_claudesonnet4_gemini25flash_S9_1775425164,ai_ai_structured,5,0.8451,355,0.0016
conv_ai_ai_structured_claudesonnet4_gemini25flash_S9_1775425164,ai_ai_structured,6,0.4768,839,0.009
conv_ai_ai_structured_claudesonnet4_gemini25flash_S9_1775425164,ai_ai_structured,7,0.4357,459,0.0037
conv_ai_ai_structured_claudesonnet4_gemini25flash_S9_1775425164,ai_ai_structured,8,0.3128,959,0.0057
conv_ai_ai_structured_claudesonnet4_gemini25flash_S9_1775425164,ai_ai_structured,9,0.907,441,0.009
conv_ai_ai_structured_claudesonnet4_gemini25flash_S9_1775425164,ai_ai_structured,10,0.271,738,0.0084
conv_ai_ai_structured_claudesonnet4_gemini25flash_S9_1775425164,ai_ai_structured,11,0.5277,379,0.0112
conv_ai_ai_structured_claudesonnet4_gemini25flash_S9_1775425164,ai_ai_structured,12,0.0,323,0.0106
conv_ai_ai_structured_claudesonnet4_gemini25flash_S9_1775425164,ai_ai_structured,13,0.3623,276,0.0125
conv_ai_ai_structured_claudesonnet4_gemini25flash_S9_1775425164,ai_ai_structured,14,0.0,282,0.0204
conv_ai_ai_structured_claudesonnet4_gemini25flash_S9_1775425164,ai_ai_structured,15,0.4082,245,0.0157
conv_ai_ai_structured_gemini25flash_grok41fast_S10_1775426662,ai_ai_structured,2,0.4329,231,0.0
conv_ai_ai_structured_gemini25flash_grok41fast_S10_1775426662,ai_ai_structured,3,1.9139,209,0.0
conv_ai_ai_structured_gemini25flash_grok41fast_S10_1775426662,ai_ai_structured,4,0.0,453,0.0015
conv_ai_ai_structured_gemini25flash_grok41fast_S10_1775426662,ai_ai_structured,5,0.0,634,0.0036
conv_ai_ai_structured_gemini25flash_grok41fast_S10_1775426662,ai_ai_structured,6,0.0,454,0.0033
conv_ai_ai_structured_gemini25flash_grok41fast_S10_1775426662,ai_ai_structured,7,0.0,642,0.0016
conv_ai_ai_structured_gemini25flash_grok41fast_S10_1775426662,ai_ai_structured,8,0.0,355,0.0025
conv_ai_ai_structured_gemini25flash_grok41fast_S10_1775426662,ai_ai_structured,9,0.6342,946,0.0038
conv_ai_ai_structured_gemini25flash_grok41fast_S10_1775426662,ai_ai_structured,10,0.0,476,0.0
conv_ai_ai_structured_gemini25flash_grok41fast_S10_1775426662,ai_ai_structured,11,0.4431,677,0.005
conv_ai_ai_structured_gemini25flash_grok41fast_S10_1775426662,ai_ai_structured,12,0.0,578,0.0038
conv_ai_ai_structured_gemini25flash_grok41fast_S10_1775426662,ai_ai_structured,13,0.1873,534,0.0034
conv_ai_ai_structured_gemini25flash_grok41fast_S10_1775426662,ai_ai_structured,14,0.0,484,0.0019
conv_ai_ai_structured_gemini25flash_grok41fast_S10_1775426662,ai_ai_structured,15,0.3901,769,0.0023
conv_ai_ai_structured_gemini25flash_grok41fast_S1_1775425466,ai_ai_structured,2,0.0,357,0.0
conv_ai_ai_structured_gemini25flash_grok41fast_S1_1775425466,ai_ai_structured,3,0.2985,670,0.0
conv_ai_ai_structured_gemini25flash_grok41fast_S1_1775425466,ai_ai_structured,4,0.1721,581,0.0011
conv_ai_ai_structured_gemini25flash_grok41fast_S1_1775425466,ai_ai_structured,5,0.3003,666,0.0138
conv_ai_ai_structured_gemini25flash_grok41fast_S1_1775425466,ai_ai_structured,6,0.0,456,0.0029
conv_ai_ai_structured_gemini25flash_grok41fast_S1_1775425466,ai_ai_structured,7,0.7853,382,0.0068
conv_ai_ai_structured_gemini25flash_grok41fast_S1_1775425466,ai_ai_structured,8,0.0,287,0.0
conv_ai_ai_structured_gemini25flash_grok41fast_S1_1775425466,ai_ai_structured,9,0.3236,618,0.0174
conv_ai_ai_structured_gemini25flash_grok41fast_S1_1775425466,ai_ai_structured,10,0.0,217,0.0
conv_ai_ai_structured_gemini25flash_grok41fast_S1_1775425466,ai_ai_structured,11,0.1066,938,0.0192
conv_ai_ai_structured_gemini25flash_grok41fast_S1_1775425466,ai_ai_structured,12,0.0,201,0.0
conv_ai_ai_structured_gemini25flash_grok41fast_S1_1775425466,ai_ai_structured,13,0.0,519,0.012
conv_ai_ai_structured_gemini25flash_grok41fast_S1_1775425466,ai_ai_structured,14,0.0,124,0.0
conv_ai_ai_structured_gemini25flash_grok41fast_S1_1775425466,ai_ai_structured,15,0.0,307,0.0037
conv_ai_ai_structured_gemini25flash_grok41fast_S2_1775425607,ai_ai_structured,2,0.0,202,0.0
conv_ai_ai_structured_gemini25flash_grok41fast_S2_1775425607,ai_ai_structured,3,0.0,142,0.0
conv_ai_ai_structured_gemini25flash_grok41fast_S2_1775425607,ai_ai_structured,4,0.0,191,0.0
conv_ai_ai_structured_gemini25flash_grok41fast_S2_1775425607,ai_ai_structured,5,0.565,354,0.002
conv_ai_ai_structured_gemini25flash_grok41fast_S2_1775425607,ai_ai_structured,6,0.0,214,0.0
conv_ai_ai_structured_gemini25flash_grok41fast_S2_1775425607,ai_ai_structured,7,0.0,336,0.0
conv_ai_ai_structured_gemini25flash_grok41fast_S2_1775425607,ai_ai_structured,8,0.0,165,0.0
conv_ai_ai_structured_gemini25flash_grok41fast_S2_1775425607,ai_ai_structured,9,0.432,463,0.0076
conv_ai_ai_structured_gemini25flash_grok41fast_S2_1775425607,ai_ai_structured,10,0.0,156,0.0
conv_ai_ai_structured_gemini25flash_grok41fast_S2_1775425607,ai_ai_structured,11,0.1449,690,0.0018
conv_ai_ai_structured_gemini25flash_grok41fast_S2_1775425607,ai_ai_structured,12,0.5525,181,0.003
conv_ai_ai_structured_gemini25flash_grok41fast_S2_1775425607,ai_ai_structured,13,0.0,439,0.0018
conv_ai_ai_structured_gemini25flash_grok41fast_S2_1775425607,ai_ai_structured,14,0.0,104,0.0
conv_ai_ai_structured_gemini25flash_grok41fast_S2_1775425607,ai_ai_structured,15,0.1603,624,0.0029
conv_ai_ai_structured_gemini25flash_grok41fast_S3_1775425699,ai_ai_structured,2,0.0,102,0.0
conv_ai_ai_structured_gemini25flash_grok41fast_S3_1775425699,ai_ai_structured,3,0.0,262,0.0
conv_ai_ai_structured_gemini25flash_grok41fast_S3_1775425699,ai_ai_structured,4,0.0,226,0.0
conv_ai_ai_structured_gemini25flash_grok41fast_S3_1775425699,ai_ai_structured,5,0.5013,399,0.0046
conv_ai_ai_structured_gemini25flash_grok41fast_S3_1775425699,ai_ai_structured,6,0.0,228,0.0022
conv_ai_ai_structured_gemini25flash_grok41fast_S3_1775425699,ai_ai_structured,7,0.0,276,0.0045
conv_ai_ai_structured_gemini25flash_grok41fast_S3_1775425699,ai_ai_structured,8,0.0,175,0.0
conv_ai_ai_structured_gemini25flash_grok41fast_S3_1775425699,ai_ai_structured,9,0.2445,409,0.0075
conv_ai_ai_structured_gemini25flash_grok41fast_S3_1775425699,ai_ai_structured,10,0.361,277,0.0045
conv_ai_ai_structured_gemini25flash_grok41fast_S3_1775425699,ai_ai_structured,11,0.0,353,0.0053
conv_ai_ai_structured_gemini25flash_grok41fast_S3_1775425699,ai_ai_structured,12,1.1494,87,0.0
conv_ai_ai_structured_gemini25flash_grok41fast_S3_1775425699,ai_ai_structured,13,0.9479,211,0.0
conv_ai_ai_structured_gemini25flash_grok41fast_S3_1775425699,ai_ai_structured,14,0.5814,172,0.0079
conv_ai_ai_structured_gemini25flash_grok41fast_S3_1775425699,ai_ai_structured,15,0.4619,433,0.0047
conv_ai_ai_structured_gemini25flash_grok41fast_S4_1775425790,ai_ai_structured,2,1.1696,171,0.0
conv_ai_ai_structured_gemini25flash_grok41fast_S4_1775425790,ai_ai_structured,3,1.6736,239,0.0
conv_ai_ai_structured_gemini25flash_grok41fast_S4_1775425790,ai_ai_structured,4,0.3731,268,0.0023
conv_ai_ai_structured_gemini25flash_grok41fast_S4_1775425790,ai_ai_structured,5,1.7123,292,0.0096
conv_ai_ai_structured_gemini25flash_grok41fast_S4_1775425790,ai_ai_structured,6,0.0,157,0.0
conv_ai_ai_structured_gemini25flash_grok41fast_S4_1775425790,ai_ai_structured,7,0.625,160,0.009
conv_ai_ai_structured_gemini25flash_grok41fast_S4_1775425790,ai_ai_structured,8,0.0,105,0.0
conv_ai_ai_structured_gemini25flash_grok41fast_S4_1775425790,ai_ai_structured,9,0.0,149,0.0033
conv_ai_ai_structured_gemini25flash_grok41fast_S4_1775425790,ai_ai_structured,10,0.0,88,0.0
conv_ai_ai_structured_gemini25flash_grok41fast_S4_1775425790,ai_ai_structured,11,0.0,114,0.0
conv_ai_ai_structured_gemini25flash_grok41fast_S4_1775425790,ai_ai_structured,12,0.0,68,0.0
conv_ai_ai_structured_gemini25flash_grok41fast_S4_1775425790,ai_ai_structured,13,0.0,116,0.0044
conv_ai_ai_structured_gemini25flash_grok41fast_S4_1775425790,ai_ai_structured,14,0.0,69,0.0076
conv_ai_ai_structured_gemini25flash_grok41fast_S4_1775425790,ai_ai_structured,15,0.8403,119,0.0132
conv_ai_ai_structured_gemini25flash_grok41fast_S5_1775425858,ai_ai_structured,2,0.0,127,0.0
conv_ai_ai_structured_gemini25flash_grok41fast_S5_1775425858,ai_ai_structured,3,0.0,264,0.0
conv_ai_ai_structured_gemini25flash_grok41fast_S5_1775425858,ai_ai_structured,4,0.0,187,0.0033
conv_ai_ai_structured_gemini25flash_grok41fast_S5_1775425858,ai_ai_structured,5,0.3003,333,0.0195
conv_ai_ai_structured_gemini25flash_grok41fast_S5_1775425858,ai_ai_structured,6,0.0,733,0.0011
conv_ai_ai_structured_gemini25flash_grok41fast_S5_1775425858,ai_ai_structured,7,0.0,56,0.0082
conv_ai_ai_structured_gemini25flash_grok41fast_S5_1775425858,ai_ai_structured,8,0.0,242,0.0022
conv_ai_ai_structured_gemini25flash_grok41fast_S5_1775425858,ai_ai_structured,9,0.2604,384,0.0
conv_ai_ai_structured_gemini25flash_grok41fast_S5_1775425858,ai_ai_structured,10,0.0,144,0.0053
conv_ai_ai_structured_gemini25flash_grok41fast_S5_1775425858,ai_ai_structured,11,0.0,569,0.0075
conv_ai_ai_structured_gemini25flash_grok41fast_S5_1775425858,ai_ai_structured,12,0.0,106,0.0
conv_ai_ai_structured_gemini25flash_grok41fast_S5_1775425858,ai_ai_structured,13,0.0,56,0.0038
conv_ai_ai_structured_gemini25flash_grok41fast_S5_1775425858,ai_ai_structured,14,0.0,188,0.0
conv_ai_ai_structured_gemini25flash_grok41fast_S5_1775425858,ai_ai_structured,15,0.0,494,0.0
conv_ai_ai_structured_gemini25flash_grok41fast_S6_1775426123,ai_ai_structured,2,1.227,163,0.0
conv_ai_ai_structured_gemini25flash_grok41fast_S6_1775426123,ai_ai_structured,3,0.0,349,0.0
conv_ai_ai_structured_gemini25flash_grok41fast_S6_1775426123,ai_ai_structured,4,0.0,240,0.0
conv_ai_ai_structured_gemini25flash_grok41fast_S6_1775426123,ai_ai_structured,5,0.2861,699,0.0107
conv_ai_ai_structured_gemini25flash_grok41fast_S6_1775426123,ai_ai_structured,6,0.0,307,0.0
conv_ai_ai_structured_gemini25flash_grok41fast_S6_1775426123,ai_ai_structured,7,0.1736,576,0.0064
conv_ai_ai_structured_gemini25flash_grok41fast_S6_1775426123,ai_ai_structured,8,0.0,243,0.0
conv_ai_ai_structured_gemini25flash_grok41fast_S6_1775426123,ai_ai_structured,9,1.4545,550,0.0055
conv_ai_ai_structured_gemini25flash_grok41fast_S6_1775426123,ai_ai_structured,10,0.0,244,0.0
conv_ai_ai_structured_gemini25flash_grok41fast_S6_1775426123,ai_ai_structured,11,0.2217,902,0.0064
conv_ai_ai_structured_gemini25flash_grok41fast_S6_1775426123,ai_ai_structured,12,0.0,238,0.0
conv_ai_ai_structured_gemini25flash_grok41fast_S6_1775426123,ai_ai_structured,13,0.2141,934,0.0045
conv_ai_ai_structured_gemini25flash_grok41fast_S6_1775426123,ai_ai_structured,14,0.0,140,0.0
conv_ai_ai_structured_gemini25flash_grok41fast_S6_1775426123,ai_ai_structured,15,1.599,813,0.0041
conv_ai_ai_structured_gemini25flash_grok41fast_S7_1775426261,ai_ai_structured,2,0.0,310,0.0
conv_ai_ai_structured_gemini25flash_grok41fast_S7_1775426261,ai_ai_structured,3,1.2195,574,0.0
conv_ai_ai_structured_gemini25flash_grok41fast_S7_1775426261,ai_ai_structured,4,0.0,597,0.0078
conv_ai_ai_structured_gemini25flash_grok41fast_S7_1775426261,ai_ai_structured,5,0.0,54,0.0032
conv_ai_ai_structured_gemini25flash_grok41fast_S7_1775426261,ai_ai_structured,6,0.0,313,0.0011
conv_ai_ai_structured_gemini25flash_grok41fast_S7_1775426261,ai_ai_structured,7,0.4878,410,0.0
conv_ai_ai_structured_gemini25flash_grok41fast_S7_1775426261,ai_ai_structured,8,0.0,492,0.0116
conv_ai_ai_structured_gemini25flash_grok41fast_S7_1775426261,ai_ai_structured,9,0.0,399,0.0102
conv_ai_ai_structured_gemini25flash_grok41fast_S7_1775426261,ai_ai_structured,10,0.0,412,0.0187
conv_ai_ai_structured_gemini25flash_grok41fast_S7_1775426261,ai_ai_structured,11,0.2105,475,0.0156
conv_ai_ai_structured_gemini25flash_grok41fast_S7_1775426261,ai_ai_structured,12,0.0,256,0.0046
conv_ai_ai_structured_gemini25flash_grok41fast_S7_1775426261,ai_ai_structured,13,0.2193,456,0.0111
conv_ai_ai_structured_gemini25flash_grok41fast_S7_1775426261,ai_ai_structured,14,0.0,233,0.0
conv_ai_ai_structured_gemini25flash_grok41fast_S7_1775426261,ai_ai_structured,15,0.5333,375,0.0061
conv_ai_ai_structured_gemini25flash_grok41fast_S8_1775426433,ai_ai_structured,2,0.0,195,0.0
conv_ai_ai_structured_gemini25flash_grok41fast_S8_1775426433,ai_ai_structured,3,0.0,152,0.0
conv_ai_ai_structured_gemini25flash_grok41fast_S8_1775426433,ai_ai_structured,4,0.0,175,0.0027
conv_ai_ai_structured_gemini25flash_grok41fast_S8_1775426433,ai_ai_structured,5,0.4329,231,0.0
conv_ai_ai_structured_gemini25flash_grok41fast_S8_1775426433,ai_ai_structured,6,0.0,217,0.0
conv_ai_ai_structured_gemini25flash_grok41fast_S8_1775426433,ai_ai_structured,7,0.6479,463,0.0029
conv_ai_ai_structured_gemini25flash_grok41fast_S8_1775426433,ai_ai_structured,8,0.0,205,0.0024
conv_ai_ai_structured_gemini25flash_grok41fast_S8_1775426433,ai_ai_structured,9,0.0,376,0.0073
conv_ai_ai_structured_gemini25flash_grok41fast_S8_1775426433,ai_ai_structured,10,0.0,154,0.0114
conv_ai_ai_structured_gemini25flash_grok41fast_S8_1775426433,ai_ai_structured,11,0.5988,668,0.0068
conv_ai_ai_structured_gemini25flash_grok41fast_S8_1775426433,ai_ai_structured,12,0.0,183,0.003
conv_ai_ai_structured_gemini25flash_grok41fast_S8_1775426433,ai_ai_structured,13,0.4552,659,0.0069
conv_ai_ai_structured_gemini25flash_grok41fast_S8_1775426433,ai_ai_structured,14,0.6061,165,0.0029
conv_ai_ai_structured_gemini25flash_grok41fast_S8_1775426433,ai_ai_structured,15,0.0,625,0.008
conv_ai_ai_structured_gemini25flash_grok41fast_S9_1775426547,ai_ai_structured,2,0.0,222,0.0
conv_ai_ai_structured_gemini25flash_grok41fast_S9_1775426547,ai_ai_structured,3,0.4717,424,0.0
conv_ai_ai_structured_gemini25flash_grok41fast_S9_1775426547,ai_ai_structured,4,0.33,303,0.0
conv_ai_ai_structured_gemini25flash_grok41fast_S9_1775426547,ai_ai_structured,5,0.8119,739,0.007
conv_ai_ai_structured_gemini25flash_grok41fast_S9_1775426547,ai_ai_structured,6,0.0,293,0.0102
conv_ai_ai_structured_gemini25flash_grok41fast_S9_1775426547,ai_ai_structured,7,0.2466,811,0.0093
conv_ai_ai_structured_gemini25flash_grok41fast_S9_1775426547,ai_ai_structured,8,0.0,197,0.0
conv_ai_ai_structured_gemini25flash_grok41fast_S9_1775426547,ai_ai_structured,9,0.8539,1054,0.0044
conv_ai_ai_structured_gemini25flash_grok41fast_S9_1775426547,ai_ai_structured,10,0.0,212,0.005
conv_ai_ai_structured_gemini25flash_grok41fast_S9_1775426547,ai_ai_structured,11,0.6079,987,0.0055
conv_ai_ai_structured_gemini25flash_grok41fast_S9_1775426547,ai_ai_structured,12,0.0,158,0.0027
conv_ai_ai_structured_gemini25flash_grok41fast_S9_1775426547,ai_ai_structured,13,0.1119,894,0.0021
conv_ai_ai_structured_gemini25flash_grok41fast_S9_1775426547,ai_ai_structured,14,0.0,140,0.0
conv_ai_ai_structured_gemini25flash_grok41fast_S9_1775426547,ai_ai_structured,15,0.2793,1074,0.0031
conv_ai_ai_structured_gpt54mini_claudesonnet4_S10_1775423745,ai_ai_structured,2,0.0,193,0.0
conv_ai_ai_structured_gpt54mini_claudesonnet4_S10_1775423745,ai_ai_structured,3,0.0,149,0.0
conv_ai_ai_structured_gpt54mini_claudesonnet4_S10_1775423745,ai_ai_structured,4,0.4854,206,0.0
conv_ai_ai_structured_gpt54mini_claudesonnet4_S10_1775423745,ai_ai_structured,5,0.0,400,0.0151
conv_ai_ai_structured_gpt54mini_claudesonnet4_S10_1775423745,ai_ai_structured,6,0.4329,231,0.0
conv_ai_ai_structured_gpt54mini_claudesonnet4_S10_1775423745,ai_ai_structured,7,0.2381,420,0.0191
conv_ai_ai_structured_gpt54mini_claudesonnet4_S10_1775423745,ai_ai_structured,8,0.9434,212,0.0069
conv_ai_ai_structured_gpt54mini_claudesonnet4_S10_1775423745,ai_ai_structured,9,0.3676,544,0.015
conv_ai_ai_structured_gpt54mini_claudesonnet4_S10_1775423745,ai_ai_structured,10,0.9009,222,0.0
conv_ai_ai_structured_gpt54mini_claudesonnet4_S10_1775423745,ai_ai_structured,11,0.0,555,0.0383
conv_ai_ai_structured_gpt54mini_claudesonnet4_S10_1775423745,ai_ai_structured,12,1.3216,227,0.0069
conv_ai_ai_structured_gpt54mini_claudesonnet4_S10_1775423745,ai_ai_structured,13,0.1481,675,0.0261
conv_ai_ai_structured_gpt54mini_claudesonnet4_S10_1775423745,ai_ai_structured,14,1.2097,248,0.0043
conv_ai_ai_structured_gpt54mini_claudesonnet4_S10_1775423745,ai_ai_structured,15,0.0,570,0.036
conv_ai_ai_structured_gpt54mini_claudesonnet4_S1_1775412302,ai_ai_structured,2,1.0,200,0.0
conv_ai_ai_structured_gpt54mini_claudesonnet4_S1_1775412302,ai_ai_structured,3,0.9479,211,0.0
conv_ai_ai_structured_gpt54mini_claudesonnet4_S1_1775412302,ai_ai_structured,4,0.8658,231,0.0047
conv_ai_ai_structured_gpt54mini_claudesonnet4_S1_1775412302,ai_ai_structured,5,0.9434,318,0.0136
conv_ai_ai_structured_gpt54mini_claudesonnet4_S1_1775412302,ai_ai_structured,6,2.6923,260,0.0041
conv_ai_ai_structured_gpt54mini_claudesonnet4_S1_1775412302,ai_ai_structured,7,0.3322,301,0.0134
conv_ai_ai_structured_gpt54mini_claudesonnet4_S1_1775412302,ai_ai_structured,8,1.7794,281,0.0094
conv_ai_ai_structured_gpt54mini_claudesonnet4_S1_1775412302,ai_ai_structured,9,1.7391,345,0.0095
conv_ai_ai_structured_gpt54mini_claudesonnet4_S1_1775412302,ai_ai_structured,10,2.2556,266,0.0074
conv_ai_ai_structured_gpt54mini_claudesonnet4_S1_1775412302,ai_ai_structured,11,0.7605,263,0.0204
conv_ai_ai_structured_gpt54mini_claudesonnet4_S1_1775412302,ai_ai_structured,12,1.2245,245,0.008
conv_ai_ai_structured_gpt54mini_claudesonnet4_S1_1775412302,ai_ai_structured,13,2.0619,97,0.0057
conv_ai_ai_structured_gpt54mini_claudesonnet4_S1_1775412302,ai_ai_structured,14,0.7407,135,0.0027
conv_ai_ai_structured_gpt54mini_claudesonnet4_S1_1775412302,ai_ai_structured,15,1.7094,117,0.0194
conv_ai_ai_structured_gpt54mini_claudesonnet4_S1_1775412831,ai_ai_structured,2,1.0989,182,0.0
conv_ai_ai_structured_gpt54mini_claudesonnet4_S1_1775412831,ai_ai_structured,3,0.3774,265,0.0
conv_ai_ai_structured_gpt54mini_claudesonnet4_S1_1775412831,ai_ai_structured,4,0.8475,236,0.0
conv_ai_ai_structured_gpt54mini_claudesonnet4_S1_1775412831,ai_ai_structured,5,0.3021,662,0.01
conv_ai_ai_structured_gpt54mini_claudesonnet4_S1_1775412831,ai_ai_structured,6,0.7874,254,0.0167
conv_ai_ai_structured_gpt54mini_claudesonnet4_S1_1775412831,ai_ai_structured,7,0.0,704,0.0105
conv_ai_ai_structured_gpt54mini_claudesonnet4_S1_1775412831,ai_ai_structured,8,0.4405,227,0.0106
conv_ai_ai_structured_gpt54mini_claudesonnet4_S1_1775412831,ai_ai_structured,9,0.0,720,0.0066
conv_ai_ai_structured_gpt54mini_claudesonnet4_S1_1775412831,ai_ai_structured,10,0.7968,251,0.0
conv_ai_ai_structured_gpt54mini_claudesonnet4_S1_1775412831,ai_ai_structured,11,0.9124,548,0.0116
conv_ai_ai_structured_gpt54mini_claudesonnet4_S1_1775412831,ai_ai_structured,12,0.823,243,0.0082
conv_ai_ai_structured_gpt54mini_claudesonnet4_S1_1775412831,ai_ai_structured,13,0.2963,675,0.0172
conv_ai_ai_structured_gpt54mini_claudesonnet4_S1_1775412831,ai_ai_structured,14,0.8097,247,0.0257
conv_ai_ai_structured_gpt54mini_claudesonnet4_S1_1775412831,ai_ai_structured,15,0.0,585,0.0178
conv_ai_ai_structured_gpt54mini_claudesonnet4_S1_1775413096,ai_ai_structured,2,0.5952,168,0.0
conv_ai_ai_structured_gpt54mini_claudesonnet4_S1_1775413096,ai_ai_structured,3,0.7042,284,0.0
conv_ai_ai_structured_gpt54mini_claudesonnet4_S1_1775413096,ai_ai_structured,4,0.0,247,0.0
conv_ai_ai_structured_gpt54mini_claudesonnet4_S1_1775413096,ai_ai_structured,5,0.5013,399,0.0185
conv_ai_ai_structured_gpt54mini_claudesonnet4_S1_1775413096,ai_ai_structured,6,0.4566,219,0.0022
conv_ai_ai_structured_gpt54mini_claudesonnet4_S1_1775413096,ai_ai_structured,7,0.3221,621,0.0082
conv_ai_ai_structured_gpt54mini_claudesonnet4_S1_1775413096,ai_ai_structured,8,0.7874,254,0.0153
conv_ai_ai_structured_gpt54mini_claudesonnet4_S1_1775413096,ai_ai_structured,9,0.0,639,0.0285
conv_ai_ai_structured_gpt54mini_claudesonnet4_S1_1775413096,ai_ai_structured,10,1.145,262,0.02
conv_ai_ai_structured_gpt54mini_claudesonnet4_S1_1775413096,ai_ai_structured,11,0.0,377,0.0258
conv_ai_ai_structured_gpt54mini_claudesonnet4_S1_1775413096,ai_ai_structured,12,0.3906,256,0.0079
conv_ai_ai_structured_gpt54mini_claudesonnet4_S1_1775413096,ai_ai_structured,13,0.0,427,0.0221
conv_ai_ai_structured_gpt54mini_claudesonnet4_S1_1775413096,ai_ai_structured,14,0.8811,227,0.017
conv_ai_ai_structured_gpt54mini_claudesonnet4_S1_1775413096,ai_ai_structured,15,0.0,384,0.018
conv_ai_ai_structured_gpt54mini_claudesonnet4_S2_1775412957,ai_ai_structured,2,0.0,217,0.0
conv_ai_ai_structured_gpt54mini_claudesonnet4_S2_1775412957,ai_ai_structured,3,0.0,125,0.0
conv_ai_ai_structured_gpt54mini_claudesonnet4_S2_1775412957,ai_ai_structured,4,1.6216,185,0.0051
conv_ai_ai_structured_gpt54mini_claudesonnet4_S2_1775412957,ai_ai_structured,5,0.8097,247,0.0112
conv_ai_ai_structured_gpt54mini_claudesonnet4_S2_1775412957,ai_ai_structured,6,0.8621,232,0.0
conv_ai_ai_structured_gpt54mini_claudesonnet4_S2_1775412957,ai_ai_structured,7,0.6329,474,0.0468
conv_ai_ai_structured_gpt54mini_claudesonnet4_S2_1775412957,ai_ai_structured,8,1.3274,226,0.009
conv_ai_ai_structured_gpt54mini_claudesonnet4_S2_1775412957,ai_ai_structured,9,0.0,305,0.0245
conv_ai_ai_structured_gpt54mini_claudesonnet4_S2_1775412957,ai_ai_structured,10,0.8547,234,0.0022
conv_ai_ai_structured_gpt54mini_claudesonnet4_S2_1775412957,ai_ai_structured,11,0.2427,412,0.0174
conv_ai_ai_structured_gpt54mini_claudesonnet4_S2_1775412957,ai_ai_structured,12,0.4566,219,0.0135
conv_ai_ai_structured_gpt54mini_claudesonnet4_S2_1775412957,ai_ai_structured,13,0.0,528,0.036
conv_ai_ai_structured_gpt54mini_claudesonnet4_S2_1775412957,ai_ai_structured,14,0.8065,248,0.0087
conv_ai_ai_structured_gpt54mini_claudesonnet4_S2_1775412957,ai_ai_structured,15,0.1721,581,0.0607
conv_ai_ai_structured_gpt54mini_claudesonnet4_S2_1775413210,ai_ai_structured,2,0.0,215,0.0
conv_ai_ai_structured_gpt54mini_claudesonnet4_S2_1775413210,ai_ai_structured,3,0.0,118,0.0
conv_ai_ai_structured_gpt54mini_claudesonnet4_S2_1775413210,ai_ai_structured,4,1.5544,193,0.0025
conv_ai_ai_structured_gpt54mini_claudesonnet4_S2_1775413210,ai_ai_structured,5,0.129,775,0.0106
conv_ai_ai_structured_gpt54mini_claudesonnet4_S2_1775413210,ai_ai_structured,6,0.8511,235,0.0169
conv_ai_ai_structured_gpt54mini_claudesonnet4_S2_1775413210,ai_ai_structured,7,0.0,241,0.0209
conv_ai_ai_structured_gpt54mini_claudesonnet4_S2_1775413210,ai_ai_structured,8,0.4367,229,0.0022
conv_ai_ai_structured_gpt54mini_claudesonnet4_S2_1775413210,ai_ai_structured,9,0.5505,545,0.0054
conv_ai_ai_structured_gpt54mini_claudesonnet4_S2_1775413210,ai_ai_structured,10,0.4219,237,0.0155
conv_ai_ai_structured_gpt54mini_claudesonnet4_S2_1775413210,ai_ai_structured,11,1.7857,168,0.0243
conv_ai_ai_structured_gpt54mini_claudesonnet4_S2_1775413210,ai_ai_structured,12,0.0,222,0.0068
conv_ai_ai_structured_gpt54mini_claudesonnet4_S2_1775413210,ai_ai_structured,13,0.1845,542,0.0107
conv_ai_ai_structured_gpt54mini_claudesonnet4_S2_1775413210,ai_ai_structured,14,0.8368,239,0.0112
conv_ai_ai_structured_gpt54mini_claudesonnet4_S2_1775413210,ai_ai_structured,15,0.2096,477,0.0334
conv_ai_ai_structured_gpt54mini_claudesonnet4_S3_1775413318,ai_ai_structured,2,0.0,117,0.0
conv_ai_ai_structured_gpt54mini_claudesonnet4_S3_1775413318,ai_ai_structured,3,0.5386,557,0.0
conv_ai_ai_structured_gpt54mini_claudesonnet4_S3_1775413318,ai_ai_structured,4,1.0929,183,0.0
conv_ai_ai_structured_gpt54mini_claudesonnet4_S3_1775413318,ai_ai_structured,5,0.3597,278,0.0036
conv_ai_ai_structured_gpt54mini_claudesonnet4_S3_1775413318,ai_ai_structured,6,0.431,232,0.0049
conv_ai_ai_structured_gpt54mini_claudesonnet4_S3_1775413318,ai_ai_structured,7,0.3799,1053,0.0023
conv_ai_ai_structured_gpt54mini_claudesonnet4_S3_1775413318,ai_ai_structured,8,0.0,236,0.0
conv_ai_ai_structured_gpt54mini_claudesonnet4_S3_1775413318,ai_ai_structured,9,1.3274,226,0.0016
conv_ai_ai_structured_gpt54mini_claudesonnet4_S3_1775413318,ai_ai_structured,10,1.1811,254,0.0083
conv_ai_ai_structured_gpt54mini_claudesonnet4_S3_1775413318,ai_ai_structured,11,0.2688,372,0.0017
conv_ai_ai_structured_gpt54mini_claudesonnet4_S3_1775413318,ai_ai_structured,12,1.7778,225,0.0064
conv_ai_ai_structured_gpt54mini_claudesonnet4_S3_1775413318,ai_ai_structured,13,0.0,466,0.0036
conv_ai_ai_structured_gpt54mini_claudesonnet4_S3_1775413318,ai_ai_structured,14,0.431,232,0.009
conv_ai_ai_structured_gpt54mini_claudesonnet4_S3_1775413318,ai_ai_structured,15,0.463,648,0.0091
conv_ai_ai_structured_gpt54mini_claudesonnet4_S4_1775413439,ai_ai_structured,2,0.7937,126,0.0
conv_ai_ai_structured_gpt54mini_claudesonnet4_S4_1775413439,ai_ai_structured,3,0.9346,107,0.0
conv_ai_ai_structured_gpt54mini_claudesonnet4_S4_1775413439,ai_ai_structured,4,0.9709,206,0.0
conv_ai_ai_structured_gpt54mini_claudesonnet4_S4_1775413439,ai_ai_structured,5,3.7037,108,0.0243
conv_ai_ai_structured_gpt54mini_claudesonnet4_S4_1775413439,ai_ai_structured,6,0.0,205,0.0049
conv_ai_ai_structured_gpt54mini_claudesonnet4_S4_1775413439,ai_ai_structured,7,2.8846,104,0.0048
conv_ai_ai_structured_gpt54mini_claudesonnet4_S4_1775413439,ai_ai_structured,8,0.0,190,0.0156
conv_ai_ai_structured_gpt54mini_claudesonnet4_S4_1775413439,ai_ai_structured,9,3.75,80,0.0227
conv_ai_ai_structured_gpt54mini_claudesonnet4_S4_1775413439,ai_ai_structured,10,0.0,75,0.0235
conv_ai_ai_structured_gpt54mini_claudesonnet4_S4_1775413439,ai_ai_structured,11,0.0,37,0.018
conv_ai_ai_structured_gpt54mini_claudesonnet4_S4_1775413439,ai_ai_structured,12,0.0,45,0.0175
conv_ai_ai_structured_gpt54mini_claudesonnet4_S4_1775413439,ai_ai_structured,13,0.0,23,0.0769
conv_ai_ai_structured_gpt54mini_claudesonnet4_S4_1775413439,ai_ai_structured,14,0.0,20,0.0
conv_ai_ai_structured_gpt54mini_claudesonnet4_S4_1775413439,ai_ai_structured,15,6.25,16,0.0938
conv_ai_ai_structured_gpt54mini_claudesonnet4_S5_1775413501,ai_ai_structured,2,0.0,120,0.0
conv_ai_ai_structured_gpt54mini_claudesonnet4_S5_1775413501,ai_ai_structured,3,0.0,34,0.0
conv_ai_ai_structured_gpt54mini_claudesonnet4_S5_1775413501,ai_ai_structured,4,0.0,161,0.0
conv_ai_ai_structured_gpt54mini_claudesonnet4_S5_1775413501,ai_ai_structured,5,0.0,99,0.0
conv_ai_ai_structured_gpt54mini_claudesonnet4_S5_1775413501,ai_ai_structured,6,1.2346,162,0.0
conv_ai_ai_structured_gpt54mini_claudesonnet4_S5_1775413501,ai_ai_structured,7,0.0,440,0.0097
conv_ai_ai_structured_gpt54mini_claudesonnet4_S5_1775413501,ai_ai_structured,8,0.0,217,0.0027
conv_ai_ai_structured_gpt54mini_claudesonnet4_S5_1775413501,ai_ai_structured,9,0.1148,871,0.0104
conv_ai_ai_structured_gpt54mini_claudesonnet4_S5_1775413501,ai_ai_structured,10,0.4274,234,0.009
conv_ai_ai_structured_gpt54mini_claudesonnet4_S5_1775413501,ai_ai_structured,11,0.3241,617,0.0347
conv_ai_ai_structured_gpt54mini_claudesonnet4_S5_1775413501,ai_ai_structured,12,2.193,228,0.0022
conv_ai_ai_structured_gpt54mini_claudesonnet4_S5_1775413501,ai_ai_structured,13,0.3623,276,0.0811
conv_ai_ai_structured_gpt54mini_claudesonnet4_S5_1775413501,ai_ai_structured,14,1.31,229,0.0345
conv_ai_ai_structured_gpt54mini_claudesonnet4_S5_1775413501,ai_ai_structured,15,0.0,116,0.0105
conv_ai_ai_structured_gpt54mini_claudesonnet4_S6_1775413612,ai_ai_structured,2,3.2432,185,0.0
conv_ai_ai_structured_gpt54mini_claudesonnet4_S6_1775413612,ai_ai_structured,3,1.6129,186,0.0
conv_ai_ai_structured_gpt54mini_claudesonnet4_S6_1775413612,ai_ai_structured,4,0.4695,213,0.0
conv_ai_ai_structured_gpt54mini_claudesonnet4_S6_1775413612,ai_ai_structured,5,0.5988,334,0.0059
conv_ai_ai_structured_gpt54mini_claudesonnet4_S6_1775413612,ai_ai_structured,6,0.7634,262,0.0064
conv_ai_ai_structured_gpt54mini_claudesonnet4_S6_1775413612,ai_ai_structured,7,1.6064,249,0.0105
conv_ai_ai_structured_gpt54mini_claudesonnet4_S6_1775413612,ai_ai_structured,8,0.3636,275,0.023
conv_ai_ai_structured_gpt54mini_claudesonnet4_S6_1775413612,ai_ai_structured,9,0.0,292,0.0075
conv_ai_ai_structured_gpt54mini_claudesonnet4_S6_1775413612,ai_ai_structured,10,0.4219,237,0.002
conv_ai_ai_structured_gpt54mini_claudesonnet4_S6_1775413612,ai_ai_structured,11,1.0309,291,0.0105
conv_ai_ai_structured_gpt54mini_claudesonnet4_S6_1775413612,ai_ai_structured,12,1.3333,225,0.0022
conv_ai_ai_structured_gpt54mini_claudesonnet4_S6_1775413612,ai_ai_structured,13,0.6383,470,0.0107
conv_ai_ai_structured_gpt54mini_claudesonnet4_S6_1775413612,ai_ai_structured,14,2.2989,261,0.0085
conv_ai_ai_structured_gpt54mini_claudesonnet4_S6_1775413612,ai_ai_structured,15,0.2336,428,0.0852
conv_ai_ai_structured_gpt54mini_claudesonnet4_S7_1775423383,ai_ai_structured,2,1.8519,162,0.0
conv_ai_ai_structured_gpt54mini_claudesonnet4_S7_1775423383,ai_ai_structured,3,0.4444,225,0.0
conv_ai_ai_structured_gpt54mini_claudesonnet4_S7_1775423383,ai_ai_structured,4,0.5,200,0.0028
conv_ai_ai_structured_gpt54mini_claudesonnet4_S7_1775423383,ai_ai_structured,5,1.0081,496,0.0115
conv_ai_ai_structured_gpt54mini_claudesonnet4_S7_1775423383,ai_ai_structured,6,1.8382,272,0.0065
conv_ai_ai_structured_gpt54mini_claudesonnet4_S7_1775423383,ai_ai_structured,7,0.4137,967,0.0269
conv_ai_ai_structured_gpt54mini_claudesonnet4_S7_1775423383,ai_ai_structured,8,0.8696,230,0.0248
conv_ai_ai_structured_gpt54mini_claudesonnet4_S7_1775423383,ai_ai_structured,9,0.1134,882,0.0494
conv_ai_ai_structured_gpt54mini_claudesonnet4_S7_1775423383,ai_ai_structured,10,1.2048,249,0.0194
conv_ai_ai_structured_gpt54mini_claudesonnet4_S7_1775423383,ai_ai_structured,11,0.5319,752,0.0503
conv_ai_ai_structured_gpt54mini_claudesonnet4_S7_1775423383,ai_ai_structured,12,0.0,220,0.0175
conv_ai_ai_structured_gpt54mini_claudesonnet4_S7_1775423383,ai_ai_structured,13,0.5226,574,0.0165
conv_ai_ai_structured_gpt54mini_claudesonnet4_S7_1775423383,ai_ai_structured,14,0.8696,230,0.0327
conv_ai_ai_structured_gpt54mini_claudesonnet4_S7_1775423383,ai_ai_structured,15,0.0,165,0.0111
conv_ai_ai_structured_gpt54mini_claudesonnet4_S8_1775423512,ai_ai_structured,2,0.5155,194,0.0
conv_ai_ai_structured_gpt54mini_claudesonnet4_S8_1775423512,ai_ai_structured,3,1.9417,206,0.0
conv_ai_ai_structured_gpt54mini_claudesonnet4_S8_1775423512,ai_ai_structured,4,0.4132,242,0.0
conv_ai_ai_structured_gpt54mini_claudesonnet4_S8_1775423512,ai_ai_structured,5,0.905,221,0.0095
conv_ai_ai_structured_gpt54mini_claudesonnet4_S8_1775423512,ai_ai_structured,6,0.4464,224,0.0066
conv_ai_ai_structured_gpt54mini_claudesonnet4_S8_1775423512,ai_ai_structured,7,0.5571,359,0.0088
conv_ai_ai_structured_gpt54mini_claudesonnet4_S8_1775423512,ai_ai_structured,8,1.25,240,0.0223
conv_ai_ai_structured_gpt54mini_claudesonnet4_S8_1775423512,ai_ai_structured,9,0.4819,415,0.0067
conv_ai_ai_structured_gpt54mini_claudesonnet4_S8_1775423512,ai_ai_structured,10,0.4,250,0.0125
conv_ai_ai_structured_gpt54mini_claudesonnet4_S8_1775423512,ai_ai_structured,11,0.1908,524,0.0126
conv_ai_ai_structured_gpt54mini_claudesonnet4_S8_1775423512,ai_ai_structured,12,1.1628,258,0.004
conv_ai_ai_structured_gpt54mini_claudesonnet4_S8_1775423512,ai_ai_structured,13,0.4819,415,0.0313
conv_ai_ai_structured_gpt54mini_claudesonnet4_S8_1775423512,ai_ai_structured,14,0.823,243,0.0122
conv_ai_ai_structured_gpt54mini_claudesonnet4_S8_1775423512,ai_ai_structured,15,0.0,395,0.0448
conv_ai_ai_structured_gpt54mini_claudesonnet4_S9_1775423617,ai_ai_structured,2,2.0942,191,0.0
conv_ai_ai_structured_gpt54mini_claudesonnet4_S9_1775423617,ai_ai_structured,3,1.4085,426,0.0
conv_ai_ai_structured_gpt54mini_claudesonnet4_S9_1775423617,ai_ai_structured,4,1.4652,273,0.0066
conv_ai_ai_structured_gpt54mini_claudesonnet4_S9_1775423617,ai_ai_structured,5,1.0676,562,0.0177
conv_ai_ai_structured_gpt54mini_claudesonnet4_S9_1775423617,ai_ai_structured,6,1.7422,287,0.0091
conv_ai_ai_structured_gpt54mini_claudesonnet4_S9_1775423617,ai_ai_structured,7,0.8977,557,0.0109
conv_ai_ai_structured_gpt54mini_claudesonnet4_S9_1775423617,ai_ai_structured,8,1.0753,279,0.0072
conv_ai_ai_structured_gpt54mini_claudesonnet4_S9_1775423617,ai_ai_structured,9,1.224,817,0.0146
conv_ai_ai_structured_gpt54mini_claudesonnet4_S9_1775423617,ai_ai_structured,10,0.9804,306,0.0105
conv_ai_ai_structured_gpt54mini_claudesonnet4_S9_1775423617,ai_ai_structured,11,0.3263,613,0.0225
conv_ai_ai_structured_gpt54mini_claudesonnet4_S9_1775423617,ai_ai_structured,12,1.3514,296,0.0475
conv_ai_ai_structured_gpt54mini_claudesonnet4_S9_1775423617,ai_ai_structured,13,0.5263,570,0.2541
conv_ai_ai_structured_gpt54mini_claudesonnet4_S9_1775423617,ai_ai_structured,14,0.7435,269,0.0313
conv_ai_ai_structured_gpt54mini_claudesonnet4_S9_1775423617,ai_ai_structured,15,0.8197,610,0.0265
conv_ai_ai_structured_grok41fast_gpt54mini_S10_1775427543,ai_ai_structured,2,1.2121,165,0.0
conv_ai_ai_structured_grok41fast_gpt54mini_S10_1775427543,ai_ai_structured,3,0.6494,154,0.0
conv_ai_ai_structured_grok41fast_gpt54mini_S10_1775427543,ai_ai_structured,4,0.5405,185,0.0088
conv_ai_ai_structured_grok41fast_gpt54mini_S10_1775427543,ai_ai_structured,5,0.0,234,0.0
conv_ai_ai_structured_grok41fast_gpt54mini_S10_1775427543,ai_ai_structured,6,0.0,203,0.0133
conv_ai_ai_structured_grok41fast_gpt54mini_S10_1775427543,ai_ai_structured,7,0.0,267,0.004
conv_ai_ai_structured_grok41fast_gpt54mini_S10_1775427543,ai_ai_structured,8,0.0,191,0.0185
conv_ai_ai_structured_grok41fast_gpt54mini_S10_1775427543,ai_ai_structured,9,0.0,233,0.002
conv_ai_ai_structured_grok41fast_gpt54mini_S10_1775427543,ai_ai_structured,10,0.0,215,0.0231
conv_ai_ai_structured_grok41fast_gpt54mini_S10_1775427543,ai_ai_structured,11,0.0,217,0.0
conv_ai_ai_structured_grok41fast_gpt54mini_S10_1775427543,ai_ai_structured,12,0.0,206,0.0149
conv_ai_ai_structured_grok41fast_gpt54mini_S10_1775427543,ai_ai_structured,13,0.0,265,0.0042
conv_ai_ai_structured_grok41fast_gpt54mini_S10_1775427543,ai_ai_structured,14,0.0,196,0.0181
conv_ai_ai_structured_grok41fast_gpt54mini_S10_1775427543,ai_ai_structured,15,0.0,207,0.0
conv_ai_ai_structured_grok41fast_gpt54mini_S1_1775426803,ai_ai_structured,2,1.2987,154,0.0
conv_ai_ai_structured_grok41fast_gpt54mini_S1_1775426803,ai_ai_structured,3,0.0,318,0.0
conv_ai_ai_structured_grok41fast_gpt54mini_S1_1775426803,ai_ai_structured,4,0.3289,304,0.0113
conv_ai_ai_structured_grok41fast_gpt54mini_S1_1775426803,ai_ai_structured,5,0.0,272,0.0
conv_ai_ai_structured_grok41fast_gpt54mini_S1_1775426803,ai_ai_structured,6,0.59,339,0.0063
conv_ai_ai_structured_grok41fast_gpt54mini_S1_1775426803,ai_ai_structured,7,0.0,189,0.0044
conv_ai_ai_structured_grok41fast_gpt54mini_S1_1775426803,ai_ai_structured,8,0.0,597,0.0076
conv_ai_ai_structured_grok41fast_gpt54mini_S1_1775426803,ai_ai_structured,9,0.0,345,0.0
conv_ai_ai_structured_grok41fast_gpt54mini_S1_1775426803,ai_ai_structured,10,0.0,550,0.0117
conv_ai_ai_structured_grok41fast_gpt54mini_S1_1775426803,ai_ai_structured,11,0.0,310,0.0
conv_ai_ai_structured_grok41fast_gpt54mini_S1_1775426803,ai_ai_structured,12,0.0,467,0.0092
conv_ai_ai_structured_grok41fast_gpt54mini_S1_1775426803,ai_ai_structured,13,0.0,432,0.0054
conv_ai_ai_structured_grok41fast_gpt54mini_S1_1775426803,ai_ai_structured,14,0.0,276,0.0099
conv_ai_ai_structured_grok41fast_gpt54mini_S1_1775426803,ai_ai_structured,15,0.0,104,0.0
conv_ai_ai_structured_grok41fast_gpt54mini_S2_1775426913,ai_ai_structured,2,0.0,173,0.0
conv_ai_ai_structured_grok41fast_gpt54mini_S2_1775426913,ai_ai_structured,3,0.0,137,0.0
conv_ai_ai_structured_grok41fast_gpt54mini_S2_1775426913,ai_ai_structured,4,0.4975,201,0.0432
conv_ai_ai_structured_grok41fast_gpt54mini_S2_1775426913,ai_ai_structured,5,0.0,168,0.0169
conv_ai_ai_structured_grok41fast_gpt54mini_S2_1775426913,ai_ai_structured,6,0.0,166,0.0085
conv_ai_ai_structured_grok41fast_gpt54mini_S2_1775426913,ai_ai_structured,7,0.0,77,0.0084
conv_ai_ai_structured_grok41fast_gpt54mini_S2_1775426913,ai_ai_structured,8,0.8511,235,0.0077
conv_ai_ai_structured_grok41fast_gpt54mini_S2_1775426913,ai_ai_structured,9,0.0,79,0.0
conv_ai_ai_structured_grok41fast_gpt54mini_S2_1775426913,ai_ai_structured,10,0.0,326,0.0093
conv_ai_ai_structured_grok41fast_gpt54mini_S2_1775426913,ai_ai_structured,11,0.0,79,0.0
conv_ai_ai_structured_grok41fast_gpt54mini_S2_1775426913,ai_ai_structured,12,0.0,254,0.0464
conv_ai_ai_structured_grok41fast_gpt54mini_S2_1775426913,ai_ai_structured,13,0.0,81,0.0
conv_ai_ai_structured_grok41fast_gpt54mini_S2_1775426913,ai_ai_structured,14,0.0,285,0.0175
conv_ai_ai_structured_grok41fast_gpt54mini_S2_1775426913,ai_ai_structured,15,0.0,76,0.0
conv_ai_ai_structured_grok41fast_gpt54mini_S3_1775426969,ai_ai_structured,2,0.0,100,0.0
conv_ai_ai_structured_grok41fast_gpt54mini_S3_1775426969,ai_ai_structured,3,0.0,123,0.0
conv_ai_ai_structured_grok41fast_gpt54mini_S3_1775426969,ai_ai_structured,4,0.0,108,0.0
conv_ai_ai_structured_grok41fast_gpt54mini_S3_1775426969,ai_ai_structured,5,0.0,170,0.0
conv_ai_ai_structured_grok41fast_gpt54mini_S3_1775426969,ai_ai_structured,6,0.0,91,0.0052
conv_ai_ai_structured_grok41fast_gpt54mini_S3_1775426969,ai_ai_structured,7,0.0,179,0.0
conv_ai_ai_structured_grok41fast_gpt54mini_S3_1775426969,ai_ai_structured,8,0.0,135,0.0
conv_ai_ai_structured_grok41fast_gpt54mini_S3_1775426969,ai_ai_structured,9,0.0,194,0.0027
conv_ai_ai_structured_grok41fast_gpt54mini_S3_1775426969,ai_ai_structured,10,0.0,134,0.0038
conv_ai_ai_structured_grok41fast_gpt54mini_S3_1775426969,ai_ai_structured,11,0.0,224,0.0024
conv_ai_ai_structured_grok41fast_gpt54mini_S3_1775426969,ai_ai_structured,12,0.0,132,0.0
conv_ai_ai_structured_grok41fast_gpt54mini_S3_1775426969,ai_ai_structured,13,0.0,119,0.0059
conv_ai_ai_structured_grok41fast_gpt54mini_S3_1775426969,ai_ai_structured,14,0.0,51,0.0
conv_ai_ai_structured_grok41fast_gpt54mini_S3_1775426969,ai_ai_structured,15,0.0,209,0.0094
conv_ai_ai_structured_grok41fast_gpt54mini_S4_1775427024,ai_ai_structured,2,1.0,100,0.0
conv_ai_ai_structured_grok41fast_gpt54mini_S4_1775427024,ai_ai_structured,3,0.0,95,0.0
conv_ai_ai_structured_grok41fast_gpt54mini_S4_1775427024,ai_ai_structured,4,1.0,300,0.0103
conv_ai_ai_structured_grok41fast_gpt54mini_S4_1775427024,ai_ai_structured,5,0.6173,162,0.008
conv_ai_ai_structured_grok41fast_gpt54mini_S4_1775427024,ai_ai_structured,6,0.6211,322,0.0115
conv_ai_ai_structured_grok41fast_gpt54mini_S4_1775427024,ai_ai_structured,7,1.3889,216,0.0
conv_ai_ai_structured_grok41fast_gpt54mini_S4_1775427024,ai_ai_structured,8,0.3049,328,0.0063
conv_ai_ai_structured_grok41fast_gpt54mini_S4_1775427024,ai_ai_structured,9,1.4388,139,0.0029
conv_ai_ai_structured_grok41fast_gpt54mini_S4_1775427024,ai_ai_structured,10,0.3497,286,0.0187
conv_ai_ai_structured_grok41fast_gpt54mini_S4_1775427024,ai_ai_structured,11,0.0,113,0.0
conv_ai_ai_structured_grok41fast_gpt54mini_S4_1775427024,ai_ai_structured,12,0.4808,208,0.0254
conv_ai_ai_structured_grok41fast_gpt54mini_S4_1775427024,ai_ai_structured,13,0.0,117,0.0
conv_ai_ai_structured_grok41fast_gpt54mini_S4_1775427024,ai_ai_structured,14,1.0309,97,0.0067
conv_ai_ai_structured_grok41fast_gpt54mini_S4_1775427024,ai_ai_structured,15,0.0,43,0.0
conv_ai_ai_structured_grok41fast_gpt54mini_S5_1775427083,ai_ai_structured,2,0.0,55,0.0
conv_ai_ai_structured_grok41fast_gpt54mini_S5_1775427083,ai_ai_structured,3,0.0,107,0.0
conv_ai_ai_structured_grok41fast_gpt54mini_S5_1775427083,ai_ai_structured,4,0.0,248,0.0035
conv_ai_ai_structured_grok41fast_gpt54mini_S5_1775427083,ai_ai_structured,5,0.0,147,0.0
conv_ai_ai_structured_grok41fast_gpt54mini_S5_1775427083,ai_ai_structured,6,0.0,248,0.0128
conv_ai_ai_structured_grok41fast_gpt54mini_S5_1775427083,ai_ai_structured,7,0.0,151,0.0034
conv_ai_ai_structured_grok41fast_gpt54mini_S5_1775427083,ai_ai_structured,8,0.0,361,0.0782
conv_ai_ai_structured_grok41fast_gpt54mini_S5_1775427083,ai_ai_structured,9,0.6623,151,0.0
conv_ai_ai_structured_grok41fast_gpt54mini_S5_1775427083,ai_ai_structured,10,0.2481,403,0.0458
conv_ai_ai_structured_grok41fast_gpt54mini_S5_1775427083,ai_ai_structured,11,0.0,112,0.0
conv_ai_ai_structured_grok41fast_gpt54mini_S5_1775427083,ai_ai_structured,12,0.0,127,0.0041
conv_ai_ai_structured_grok41fast_gpt54mini_S5_1775427083,ai_ai_structured,13,0.0,114,0.0047
conv_ai_ai_structured_grok41fast_gpt54mini_S5_1775427083,ai_ai_structured,14,0.4525,221,0.0
conv_ai_ai_structured_grok41fast_gpt54mini_S5_1775427083,ai_ai_structured,15,0.0,133,0.0
conv_ai_ai_structured_grok41fast_gpt54mini_S6_1775427153,ai_ai_structured,2,0.0,98,0.0
conv_ai_ai_structured_grok41fast_gpt54mini_S6_1775427153,ai_ai_structured,3,0.7353,136,0.0
conv_ai_ai_structured_grok41fast_gpt54mini_S6_1775427153,ai_ai_structured,4,0.0,305,0.024
conv_ai_ai_structured_grok41fast_gpt54mini_S6_1775427153,ai_ai_structured,5,0.6494,154,0.0106
conv_ai_ai_structured_grok41fast_gpt54mini_S6_1775427153,ai_ai_structured,6,0.6466,464,0.0282
conv_ai_ai_structured_grok41fast_gpt54mini_S6_1775427153,ai_ai_structured,7,0.0,132,0.0036
conv_ai_ai_structured_grok41fast_gpt54mini_S6_1775427153,ai_ai_structured,8,0.3466,577,0.0507
conv_ai_ai_structured_grok41fast_gpt54mini_S6_1775427153,ai_ai_structured,9,0.0,118,0.0
conv_ai_ai_structured_grok41fast_gpt54mini_S6_1775427153,ai_ai_structured,10,0.1957,511,0.0808
conv_ai_ai_structured_grok41fast_gpt54mini_S6_1775427153,ai_ai_structured,11,0.0,122,0.0
conv_ai_ai_structured_grok41fast_gpt54mini_S6_1775427153,ai_ai_structured,12,0.3968,252,0.0209
conv_ai_ai_structured_grok41fast_gpt54mini_S6_1775427153,ai_ai_structured,13,0.7576,132,0.0
conv_ai_ai_structured_grok41fast_gpt54mini_S6_1775427153,ai_ai_structured,14,0.5848,342,0.0808
conv_ai_ai_structured_grok41fast_gpt54mini_S6_1775427153,ai_ai_structured,15,0.0,123,0.0203
conv_ai_ai_structured_grok41fast_gpt54mini_S7_1775427220,ai_ai_structured,2,0.5376,186,0.0
conv_ai_ai_structured_grok41fast_gpt54mini_S7_1775427220,ai_ai_structured,3,0.3876,258,0.0
conv_ai_ai_structured_grok41fast_gpt54mini_S7_1775427220,ai_ai_structured,4,0.7005,571,0.0041
conv_ai_ai_structured_grok41fast_gpt54mini_S7_1775427220,ai_ai_structured,5,0.0,312,0.0
conv_ai_ai_structured_grok41fast_gpt54mini_S7_1775427220,ai_ai_structured,6,0.0,2,0.0
conv_ai_ai_structured_grok41fast_gpt54mini_S7_1775427220,ai_ai_structured,7,0.0,525,0.0024
conv_ai_ai_structured_grok41fast_gpt54mini_S7_1775427220,ai_ai_structured,8,0.4178,718,0.0
conv_ai_ai_structured_grok41fast_gpt54mini_S7_1775427220,ai_ai_structured,9,0.0,215,0.0
conv_ai_ai_structured_grok41fast_gpt54mini_S7_1775427220,ai_ai_structured,10,0.0,2,0.0
conv_ai_ai_structured_grok41fast_gpt54mini_S7_1775427220,ai_ai_structured,11,0.0,604,0.0025
conv_ai_ai_structured_grok41fast_gpt54mini_S7_1775427220,ai_ai_structured,12,1.2346,567,0.0
conv_ai_ai_structured_grok41fast_gpt54mini_S7_1775427220,ai_ai_structured,13,0.0,153,0.0
conv_ai_ai_structured_grok41fast_gpt54mini_S7_1775427220,ai_ai_structured,14,0.0,508,0.0019
conv_ai_ai_structured_grok41fast_gpt54mini_S7_1775427220,ai_ai_structured,15,0.0,147,0.0
conv_ai_ai_structured_grok41fast_gpt54mini_S8_1775427400,ai_ai_structured,2,0.0,129,0.0
conv_ai_ai_structured_grok41fast_gpt54mini_S8_1775427400,ai_ai_structured,3,0.9709,103,0.0
conv_ai_ai_structured_grok41fast_gpt54mini_S8_1775427400,ai_ai_structured,4,0.0,204,0.0031
conv_ai_ai_structured_grok41fast_gpt54mini_S8_1775427400,ai_ai_structured,5,0.0,110,0.0
conv_ai_ai_structured_grok41fast_gpt54mini_S8_1775427400,ai_ai_structured,6,0.4673,214,0.0073
conv_ai_ai_structured_grok41fast_gpt54mini_S8_1775427400,ai_ai_structured,7,0.0,112,0.0
conv_ai_ai_structured_grok41fast_gpt54mini_S8_1775427400,ai_ai_structured,8,0.3676,272,0.0084
conv_ai_ai_structured_grok41fast_gpt54mini_S8_1775427400,ai_ai_structured,9,0.0,136,0.0
conv_ai_ai_structured_grok41fast_gpt54mini_S8_1775427400,ai_ai_structured,10,0.0,285,0.0204
conv_ai_ai_structured_grok41fast_gpt54mini_S8_1775427400,ai_ai_structured,11,0.0,115,0.0082
conv_ai_ai_structured_grok41fast_gpt54mini_S8_1775427400,ai_ai_structured,12,1.3441,372,0.0274
conv_ai_ai_structured_grok41fast_gpt54mini_S8_1775427400,ai_ai_structured,13,1.6393,122,0.0043
conv_ai_ai_structured_grok41fast_gpt54mini_S8_1775427400,ai_ai_structured,14,0.6154,325,0.0151
conv_ai_ai_structured_grok41fast_gpt54mini_S8_1775427400,ai_ai_structured,15,0.0,121,0.0
conv_ai_ai_structured_grok41fast_gpt54mini_S9_1775427469,ai_ai_structured,2,1.4085,142,0.0
conv_ai_ai_structured_grok41fast_gpt54mini_S9_1775427469,ai_ai_structured,3,0.8475,118,0.0
conv_ai_ai_structured_grok41fast_gpt54mini_S9_1775427469,ai_ai_structured,4,0.2933,341,0.0324
conv_ai_ai_structured_grok41fast_gpt54mini_S9_1775427469,ai_ai_structured,5,0.4587,218,0.0
conv_ai_ai_structured_grok41fast_gpt54mini_S9_1775427469,ai_ai_structured,6,0.2695,371,0.0129
conv_ai_ai_structured_grok41fast_gpt54mini_S9_1775427469,ai_ai_structured,7,0.0,142,0.0
conv_ai_ai_structured_grok41fast_gpt54mini_S9_1775427469,ai_ai_structured,8,0.0,386,0.0067
conv_ai_ai_structured_grok41fast_gpt54mini_S9_1775427469,ai_ai_structured,9,0.0,173,0.0
conv_ai_ai_structured_grok41fast_gpt54mini_S9_1775427469,ai_ai_structured,10,0.2427,412,0.0288
conv_ai_ai_structured_grok41fast_gpt54mini_S9_1775427469,ai_ai_structured,11,0.0,133,0.0
conv_ai_ai_structured_grok41fast_gpt54mini_S9_1775427469,ai_ai_structured,12,0.0,459,0.0131
conv_ai_ai_structured_grok41fast_gpt54mini_S9_1775427469,ai_ai_structured,13,0.0,116,0.0
conv_ai_ai_structured_grok41fast_gpt54mini_S9_1775427469,ai_ai_structured,14,0.678,295,0.0096
conv_ai_ai_structured_grok41fast_gpt54mini_S9_1775427469,ai_ai_structured,15,0.0,105,0.0046
conv_human_ai_wildchat_0000,human_ai,2,0.0,201,0.0
conv_human_ai_wildchat_0000,human_ai,3,0.0,26,0.0
conv_human_ai_wildchat_0000,human_ai,4,0.0,114,0.1257
conv_human_ai_wildchat_0000,human_ai,5,2.7778,72,0.0112
conv_human_ai_wildchat_0000,human_ai,6,0.0,183,0.0053
conv_human_ai_wildchat_0000,human_ai,7,1.1429,175,0.0941
conv_human_ai_wildchat_0000,human_ai,8,0.0,173,0.0178
conv_human_ai_wildchat_0000,human_ai,9,0.0,28,0.0
conv_human_ai_wildchat_0000,human_ai,10,0.0,31,0.0
conv_human_ai_wildchat_0000,human_ai,11,0.0,15,0.0
conv_human_ai_wildchat_0000,human_ai,12,0.0,164,0.0
conv_human_ai_wildchat_0000,human_ai,13,0.0,17,0.8667
conv_human_ai_wildchat_0000,human_ai,14,0.0,250,0.4867
conv_human_ai_wildchat_0001,human_ai,2,0.0,330,0.0
conv_human_ai_wildchat_0001,human_ai,3,0.0,25,0.0
conv_human_ai_wildchat_0001,human_ai,4,0.0,353,0.5984
conv_human_ai_wildchat_0001,human_ai,5,0.0,44,0.0
conv_human_ai_wildchat_0001,human_ai,6,0.0,364,0.478
conv_human_ai_wildchat_0001,human_ai,7,0.0,33,0.0
conv_human_ai_wildchat_0001,human_ai,8,0.0,267,0.2393
conv_human_ai_wildchat_0001,human_ai,9,0.0,32,0.0
conv_human_ai_wildchat_0001,human_ai,10,0.3436,291,0.4068
conv_human_ai_wildchat_0001,human_ai,11,0.0,13,0.0
conv_human_ai_wildchat_0001,human_ai,12,0.0,289,0.4451
conv_human_ai_wildchat_0002,human_ai,2,0.0,169,0.0
conv_human_ai_wildchat_0002,human_ai,3,0.0,30,0.0
conv_human_ai_wildchat_0002,human_ai,4,0.0,177,0.0
conv_human_ai_wildchat_0002,human_ai,5,0.0,12,0.027
conv_human_ai_wildchat_0002,human_ai,6,0.0,62,0.0
conv_human_ai_wildchat_0002,human_ai,7,0.0,18,0.0
conv_human_ai_wildchat_0002,human_ai,8,2.0161,248,0.0326
conv_human_ai_wildchat_0003,human_ai,2,0.0,26,0.0
conv_human_ai_wildchat_0003,human_ai,3,0.0,8,0.0
conv_human_ai_wildchat_0003,human_ai,4,0.0,59,0.0946
conv_human_ai_wildchat_0003,human_ai,5,0.0,9,0.0
conv_human_ai_wildchat_0003,human_ai,6,0.0,61,0.0545
conv_human_ai_wildchat_0003,human_ai,7,0.0,8,0.0
conv_human_ai_wildchat_0003,human_ai,8,0.0,62,0.0531
conv_human_ai_wildchat_0003,human_ai,9,0.0,14,0.0
conv_human_ai_wildchat_0003,human_ai,10,0.0,40,0.1011
conv_human_ai_wildchat_0004,human_ai,2,0.0,76,0.0
conv_human_ai_wildchat_0004,human_ai,3,0.0,4,0.0
conv_human_ai_wildchat_0004,human_ai,4,2.7397,73,0.0312
conv_human_ai_wildchat_0004,human_ai,5,0.0,11,0.0
conv_human_ai_wildchat_0004,human_ai,6,1.0309,97,0.0187
conv_human_ai_wildchat_0004,human_ai,7,0.0,9,0.3333
conv_human_ai_wildchat_0004,human_ai,8,0.0,98,0.0805
conv_human_ai_wildchat_0005,human_ai,2,0.0,81,0.0
conv_human_ai_wildchat_0005,human_ai,3,0.0,6,0.0
conv_human_ai_wildchat_0005,human_ai,4,0.0,114,0.0571
conv_human_ai_wildchat_0005,human_ai,5,0.0,5,0.0
conv_human_ai_wildchat_0005,human_ai,6,0.0,96,0.0308
conv_human_ai_wildchat_0005,human_ai,7,0.0,5,0.0
conv_human_ai_wildchat_0005,human_ai,8,0.0,100,0.0977
conv_human_ai_wildchat_0005,human_ai,9,0.0,5,0.0
conv_human_ai_wildchat_0005,human_ai,10,0.0,116,0.0145
conv_human_ai_wildchat_0005,human_ai,11,0.0,8,0.0
conv_human_ai_wildchat_0005,human_ai,12,0.0,193,0.0034
conv_human_ai_wildchat_0006,human_ai,2,0.0,5,0.0
conv_human_ai_wildchat_0006,human_ai,3,0.0,4,0.0
conv_human_ai_wildchat_0006,human_ai,4,0.0,158,0.0
conv_human_ai_wildchat_0006,human_ai,5,0.0,2,0.0
conv_human_ai_wildchat_0006,human_ai,6,0.0,194,0.0436
conv_human_ai_wildchat_0006,human_ai,7,0.0,2,0.0
conv_human_ai_wildchat_0006,human_ai,8,0.0,211,0.0525
conv_human_ai_wildchat_0006,human_ai,9,0.0,6,0.0
conv_human_ai_wildchat_0006,human_ai,10,0.0,245,0.0481
conv_human_ai_wildchat_0007,human_ai,2,0.0,85,0.0
conv_human_ai_wildchat_0007,human_ai,3,0.0,374,0.0
conv_human_ai_wildchat_0007,human_ai,4,1.4184,141,0.0404
conv_human_ai_wildchat_0007,human_ai,5,0.0,8,0.0
conv_human_ai_wildchat_0007,human_ai,6,1.1494,87,0.0564
conv_human_ai_wildchat_0007,human_ai,7,0.0,3,0.0
conv_human_ai_wildchat_0007,human_ai,8,0.0,142,0.0638
conv_human_ai_wildchat_0008,human_ai,2,0.0,163,0.0
conv_human_ai_wildchat_0008,human_ai,3,0.0,68,0.0
conv_human_ai_wildchat_0008,human_ai,4,0.0,195,0.236
conv_human_ai_wildchat_0008,human_ai,5,0.0,38,0.0
conv_human_ai_wildchat_0008,human_ai,6,0.0,128,0.0
conv_human_ai_wildchat_0008,human_ai,7,0.0,16,0.0
conv_human_ai_wildchat_0008,human_ai,8,0.0,157,0.0658
conv_human_ai_wildchat_0009,human_ai,2,0.0,342,0.0
conv_human_ai_wildchat_0009,human_ai,3,0.0,20,0.0
conv_human_ai_wildchat_0009,human_ai,4,0.0,108,0.0
conv_human_ai_wildchat_0009,human_ai,5,0.0,9,0.0
conv_human_ai_wildchat_0009,human_ai,6,0.0,22,0.0
conv_human_ai_wildchat_0009,human_ai,7,0.0,8,0.0833
conv_human_ai_wildchat_0009,human_ai,8,0.0,27,0.1538
conv_human_ai_wildchat_0009,human_ai,9,0.0,4,0.0
conv_human_ai_wildchat_0009,human_ai,10,0.0,25,0.0213
conv_human_ai_wildchat_0009,human_ai,11,0.0,4,0.0
conv_human_ai_wildchat_0009,human_ai,12,0.0,29,0.3158
conv_human_ai_wildchat_0009,human_ai,13,0.0,4,0.0
conv_human_ai_wildchat_0009,human_ai,14,0.0,30,0.4103
conv_human_ai_wildchat_0009,human_ai,15,0.0,4,0.0
conv_human_ai_wildchat_0009,human_ai,16,0.0,25,0.275
conv_human_ai_wildchat_0009,human_ai,17,0.0,3,0.0
conv_human_ai_wildchat_0009,human_ai,18,0.0,27,0.0
conv_human_ai_wildchat_0009,human_ai,19,0.0,6,0.0
conv_human_ai_wildchat_0009,human_ai,20,0.0,33,0.0566
conv_human_ai_wildchat_0010,human_ai,2,0.0,208,0.0
conv_human_ai_wildchat_0010,human_ai,3,0.0,42,0.0
conv_human_ai_wildchat_0010,human_ai,4,0.0,420,0.0161
conv_human_ai_wildchat_0010,human_ai,5,0.0,36,0.0
conv_human_ai_wildchat_0010,human_ai,6,0.0,223,0.0018
conv_human_ai_wildchat_0010,human_ai,7,0.0,39,0.0
conv_human_ai_wildchat_0010,human_ai,8,0.0,163,0.0029
conv_human_ai_wildchat_0010,human_ai,9,0.0,60,0.0222
conv_human_ai_wildchat_0010,human_ai,10,0.0,210,0.0
conv_human_ai_wildchat_0011,human_ai,2,4.3478,23,0.0
conv_human_ai_wildchat_0011,human_ai,3,0.0,302,0.0
conv_human_ai_wildchat_0011,human_ai,4,0.0,287,0.0
conv_human_ai_wildchat_0011,human_ai,5,0.0,32,0.0189
conv_human_ai_wildchat_0011,human_ai,6,0.0,277,0.4895
conv_human_ai_wildchat_0011,human_ai,7,0.0,22,0.0256
conv_human_ai_wildchat_0011,human_ai,8,0.0,219,0.5411
conv_human_ai_wildchat_0011,human_ai,9,0.0,141,0.0
conv_human_ai_wildchat_0011,human_ai,10,0.3106,322,0.4359
conv_human_ai_wildchat_0012,human_ai,2,0.0,28,0.0
conv_human_ai_wildchat_0012,human_ai,3,0.0,8,0.0
conv_human_ai_wildchat_0012,human_ai,4,0.0,267,0.0
conv_human_ai_wildchat_0012,human_ai,5,0.0,10,0.5556
conv_human_ai_wildchat_0012,human_ai,6,0.0,351,0.0084
conv_human_ai_wildchat_0012,human_ai,7,0.0,17,0.0
conv_human_ai_wildchat_0012,human_ai,8,0.8333,120,0.0
conv_human_ai_wildchat_0012,human_ai,9,0.0,9,0.0
conv_human_ai_wildchat_0012,human_ai,10,0.0,181,0.0
conv_human_ai_wildchat_0012,human_ai,11,0.0,12,0.0
conv_human_ai_wildchat_0012,human_ai,12,0.0,207,0.0079
conv_human_ai_wildchat_0012,human_ai,13,0.0,16,0.0
conv_human_ai_wildchat_0012,human_ai,14,0.0,99,0.0101
conv_human_ai_wildchat_0012,human_ai,15,0.0,10,0.0
conv_human_ai_wildchat_0012,human_ai,16,0.0,231,0.0
conv_human_ai_wildchat_0012,human_ai,17,0.0,7,0.0
conv_human_ai_wildchat_0012,human_ai,18,0.0,104,0.0312
conv_human_ai_wildchat_0013,human_ai,2,0.0,75,0.0
conv_human_ai_wildchat_0013,human_ai,3,0.0,143,0.0
conv_human_ai_wildchat_0013,human_ai,4,0.0,189,0.0491
conv_human_ai_wildchat_0013,human_ai,5,0.0,142,0.9091
conv_human_ai_wildchat_0013,human_ai,6,0.0,47,0.0048
conv_human_ai_wildchat_0013,human_ai,7,0.0,143,0.9091
conv_human_ai_wildchat_0013,human_ai,8,0.0,104,0.0301
conv_human_ai_wildchat_0013,human_ai,9,0.0,8,0.0
conv_human_ai_wildchat_0013,human_ai,10,0.0,113,0.0312
conv_human_ai_wildchat_0014,human_ai,2,0.0,415,0.0
conv_human_ai_wildchat_0014,human_ai,3,0.0,9,0.0
conv_human_ai_wildchat_0014,human_ai,4,0.0,405,0.0013
conv_human_ai_wildchat_0014,human_ai,5,0.0,29,0.0
conv_human_ai_wildchat_0014,human_ai,6,0.0,433,0.0
conv_human_ai_wildchat_0014,human_ai,7,0.0,10,0.0
conv_human_ai_wildchat_0014,human_ai,8,1.626,369,0.0026
conv_human_ai_wildchat_0015,human_ai,2,0.0,81,0.0
conv_human_ai_wildchat_0015,human_ai,3,0.0,21,0.0
conv_human_ai_wildchat_0015,human_ai,4,0.0,75,0.0486
conv_human_ai_wildchat_0015,human_ai,5,0.0,27,0.4667
conv_human_ai_wildchat_0015,human_ai,6,0.0,92,0.0909
conv_human_ai_wildchat_0015,human_ai,7,0.0,19,0.2353
conv_human_ai_wildchat_0015,human_ai,8,0.0,51,0.1579
conv_human_ai_wildchat_0016,human_ai,2,4.3478,23,0.0
conv_human_ai_wildchat_0016,human_ai,3,2.439,41,0.0
conv_human_ai_wildchat_0016,human_ai,4,0.9346,107,0.0
conv_human_ai_wildchat_0016,human_ai,5,0.0,25,0.0164
conv_human_ai_wildchat_0016,human_ai,6,0.9174,109,0.0341
conv_human_ai_wildchat_0016,human_ai,7,0.0,68,0.0116
conv_human_ai_wildchat_0016,human_ai,8,0.0,143,0.0081
conv_human_ai_wildchat_0017,human_ai,2,0.0,148,0.0
conv_human_ai_wildchat_0017,human_ai,3,0.0,145,0.0
conv_human_ai_wildchat_0017,human_ai,4,0.0,148,1.0
conv_human_ai_wildchat_0017,human_ai,5,0.0,145,0.9172
conv_human_ai_wildchat_0017,human_ai,6,0.0,227,0.0706
conv_human_ai_wildchat_0017,human_ai,7,0.0,146,0.8851
conv_human_ai_wildchat_0017,human_ai,8,0.0,146,0.071
conv_human_ai_wildchat_0017,human_ai,9,0.0,146,0.9048
conv_human_ai_wildchat_0017,human_ai,10,0.0,92,0.0
conv_human_ai_wildchat_0017,human_ai,11,0.0,147,0.965
conv_human_ai_wildchat_0017,human_ai,12,0.0,120,0.0
conv_human_ai_wildchat_0017,human_ai,13,0.0,148,0.9384
conv_human_ai_wildchat_0017,human_ai,14,0.0,94,0.2739
conv_human_ai_wildchat_0017,human_ai,15,0.0,148,1.0
conv_human_ai_wildchat_0017,human_ai,16,0.0,117,0.2327
conv_human_ai_wildchat_0017,human_ai,17,0.0,12,0.0704
conv_human_ai_wildchat_0017,human_ai,18,0.0,13,0.0
conv_human_ai_wildchat_0017,human_ai,19,0.0,108,0.0642
conv_human_ai_wildchat_0017,human_ai,20,0.0,136,0.0
conv_human_ai_wildchat_0018,human_ai,2,0.0,93,0.0
conv_human_ai_wildchat_0018,human_ai,3,0.0,18,0.0
conv_human_ai_wildchat_0018,human_ai,4,0.0,141,0.0931
conv_human_ai_wildchat_0018,human_ai,5,0.0,87,0.0
conv_human_ai_wildchat_0018,human_ai,6,0.0,99,0.199
conv_human_ai_wildchat_0018,human_ai,7,0.0,92,0.9467
conv_human_ai_wildchat_0018,human_ai,8,0.8475,118,0.3106
conv_human_ai_wildchat_0018,human_ai,9,0.0,4,0.0
conv_human_ai_wildchat_0018,human_ai,10,0.0,63,0.2734
conv_human_ai_wildchat_0018,human_ai,11,0.0,58,0.0
conv_human_ai_wildchat_0018,human_ai,12,0.0,109,0.0
conv_human_ai_wildchat_0018,human_ai,13,0.0,425,0.1105
conv_human_ai_wildchat_0018,human_ai,14,0.0,183,0.1107
conv_human_ai_wildchat_0018,human_ai,15,0.0,82,0.0138
conv_human_ai_wildchat_0018,human_ai,16,0.0,96,0.1511
conv_human_ai_wildchat_0019,human_ai,2,0.0,89,0.0
conv_human_ai_wildchat_0019,human_ai,3,0.0,13,0.0
conv_human_ai_wildchat_0019,human_ai,4,0.0,161,0.0
conv_human_ai_wildchat_0019,human_ai,5,0.0,5,0.0
conv_human_ai_wildchat_0019,human_ai,6,0.0,50,0.0
conv_human_ai_wildchat_0019,human_ai,7,0.0,1,0.0
conv_human_ai_wildchat_0019,human_ai,8,0.0,10,0.0
conv_human_ai_wildchat_0020,human_ai,2,0.5837,1028,0.0
conv_human_ai_wildchat_0020,human_ai,3,0.0,4,0.0
conv_human_ai_wildchat_0020,human_ai,4,0.0,399,0.0029
conv_human_ai_wildchat_0020,human_ai,5,0.0,17,0.0
conv_human_ai_wildchat_0020,human_ai,6,0.0,520,0.0156
conv_human_ai_wildchat_0020,human_ai,7,0.0,1,0.0
conv_human_ai_wildchat_0020,human_ai,8,0.8696,115,0.0016
conv_human_ai_wildchat_0021,human_ai,2,0.0,337,0.0
conv_human_ai_wildchat_0021,human_ai,3,3.7037,27,0.0
conv_human_ai_wildchat_0021,human_ai,4,1.9231,208,0.0019
conv_human_ai_wildchat_0021,human_ai,5,0.0,2,0.0
conv_human_ai_wildchat_0021,human_ai,6,0.0,43,0.0
conv_human_ai_wildchat_0021,human_ai,7,0.0,9,0.0
conv_human_ai_wildchat_0021,human_ai,8,0.0,52,0.0964
conv_human_ai_wildchat_0022,human_ai,2,0.0,227,0.0
conv_human_ai_wildchat_0022,human_ai,3,0.0,52,0.0
conv_human_ai_wildchat_0022,human_ai,4,0.2899,345,0.2558
conv_human_ai_wildchat_0022,human_ai,5,0.0,7,0.0
conv_human_ai_wildchat_0022,human_ai,6,0.0,309,0.262
conv_human_ai_wildchat_0022,human_ai,7,0.0,17,0.0
conv_human_ai_wildchat_0022,human_ai,8,0.0,273,0.3037
conv_human_ai_wildchat_0022,human_ai,9,0.0,76,0.0312
conv_human_ai_wildchat_0022,human_ai,10,0.3236,309,0.4381
conv_human_ai_wildchat_0022,human_ai,11,0.0,74,0.3929
conv_human_ai_wildchat_0022,human_ai,12,0.0,404,0.486
conv_human_ai_wildchat_0022,human_ai,13,0.0,85,0.0694
conv_human_ai_wildchat_0022,human_ai,14,0.0,429,0.3365
conv_human_ai_wildchat_0023,human_ai,2,0.0,7,0.0
conv_human_ai_wildchat_0023,human_ai,3,0.0,2,0.0
conv_human_ai_wildchat_0023,human_ai,4,0.0,6,0.0
conv_human_ai_wildchat_0023,human_ai,5,0.0,5,0.0
conv_human_ai_wildchat_0023,human_ai,6,0.0,7,0.0
conv_human_ai_wildchat_0023,human_ai,7,0.0,6,0.0
conv_human_ai_wildchat_0023,human_ai,8,0.0,19,0.0
conv_human_ai_wildchat_0024,human_ai,2,0.0,191,0.0
conv_human_ai_wildchat_0024,human_ai,3,0.0,2,0.0
conv_human_ai_wildchat_0024,human_ai,4,0.0,134,0.433
conv_human_ai_wildchat_0024,human_ai,5,10.0,10,0.0
conv_human_ai_wildchat_0024,human_ai,6,0.0,139,0.6205
conv_human_ai_wildchat_0024,human_ai,7,0.0,3,0.0
conv_human_ai_wildchat_0024,human_ai,8,0.0,32,0.006
conv_human_ai_wildchat_0024,human_ai,9,0.0,4,0.0
conv_human_ai_wildchat_0024,human_ai,10,0.5208,192,0.0
conv_human_ai_wildchat_0024,human_ai,11,0.0,2,0.0
conv_human_ai_wildchat_0024,human_ai,12,0.0,132,0.5118
conv_human_ai_wildchat_0025,human_ai,2,0.0,555,0.0
conv_human_ai_wildchat_0025,human_ai,3,0.0,60,0.0
conv_human_ai_wildchat_0025,human_ai,4,0.0,498,0.0196
conv_human_ai_wildchat_0025,human_ai,5,0.0,57,0.527
conv_human_ai_wildchat_0025,human_ai,6,0.0,572,0.0193
conv_human_ai_wildchat_0025,human_ai,7,0.0,58,0.8197
conv_human_ai_wildchat_0025,human_ai,8,0.0,561,0.2774
conv_human_ai_wildchat_0025,human_ai,9,0.0,73,0.3956
conv_human_ai_wildchat_0025,human_ai,10,0.0,536,0.015
conv_human_ai_wildchat_0025,human_ai,11,0.0,11,0.0
conv_human_ai_wildchat_0025,human_ai,12,0.0,130,0.0015
conv_human_ai_wildchat_0025,human_ai,13,0.0,35,0.1667
conv_human_ai_wildchat_0025,human_ai,14,0.0,173,0.024
conv_human_ai_wildchat_0026,human_ai,2,0.6061,165,0.0
conv_human_ai_wildchat_0026,human_ai,3,0.0,70,0.0
conv_human_ai_wildchat_0026,human_ai,4,0.0,135,0.0
conv_human_ai_wildchat_0026,human_ai,5,0.0,21,0.0617
conv_human_ai_wildchat_0026,human_ai,6,0.0,43,0.0437
conv_human_ai_wildchat_0026,human_ai,7,0.0,19,0.0
conv_human_ai_wildchat_0026,human_ai,8,0.6849,146,0.0
conv_human_ai_wildchat_0026,human_ai,9,0.0,125,0.0
conv_human_ai_wildchat_0026,human_ai,10,0.0,120,0.0
conv_human_ai_wildchat_0027,human_ai,2,0.0,17,0.0
conv_human_ai_wildchat_0027,human_ai,3,0.0,236,0.0
conv_human_ai_wildchat_0027,human_ai,4,0.0,317,0.0
conv_human_ai_wildchat_0027,human_ai,5,0.0,5,0.0
conv_human_ai_wildchat_0027,human_ai,6,0.0,84,0.0213
conv_human_ai_wildchat_0027,human_ai,7,0.0,4,0.0
conv_human_ai_wildchat_0027,human_ai,8,0.0,113,0.0
conv_human_ai_wildchat_0027,human_ai,9,0.0,8,0.0
conv_human_ai_wildchat_0027,human_ai,10,0.0,111,0.0
conv_human_ai_wildchat_0027,human_ai,11,0.0,0,0.0
conv_human_ai_wildchat_0027,human_ai,12,0.0,0,0.0
conv_human_ai_wildchat_0027,human_ai,13,0.0,0,0.0
conv_human_ai_wildchat_0027,human_ai,14,0.0,0,0.0
conv_human_ai_wildchat_0027,human_ai,15,0.0,6,0.0
conv_human_ai_wildchat_0027,human_ai,16,0.0,128,0.0
conv_human_ai_wildchat_0028,human_ai,2,0.0,18,0.0
conv_human_ai_wildchat_0028,human_ai,3,0.0,14,0.0
conv_human_ai_wildchat_0028,human_ai,4,0.0,83,0.0
conv_human_ai_wildchat_0028,human_ai,5,0.0,9,0.0
conv_human_ai_wildchat_0028,human_ai,6,0.0,55,0.0472
conv_human_ai_wildchat_0028,human_ai,7,0.0,10,0.0
conv_human_ai_wildchat_0028,human_ai,8,0.0,73,0.0427
conv_human_ai_wildchat_0028,human_ai,9,0.0,9,0.0
conv_human_ai_wildchat_0028,human_ai,10,0.0,84,0.1374
conv_human_ai_wildchat_0029,human_ai,2,0.0,7,0.0
conv_human_ai_wildchat_0029,human_ai,3,0.0,39,0.0
conv_human_ai_wildchat_0029,human_ai,4,0.0,455,0.0
conv_human_ai_wildchat_0029,human_ai,5,0.0,13,0.0
conv_human_ai_wildchat_0029,human_ai,6,5.0,40,0.0
conv_human_ai_wildchat_0029,human_ai,7,0.0,30,0.0
conv_human_ai_wildchat_0029,human_ai,8,0.0,278,0.0
conv_human_ai_wildchat_0029,human_ai,9,0.0,9,0.0
conv_human_ai_wildchat_0029,human_ai,10,0.0,38,0.0
conv_human_ai_wildchat_0030,human_ai,2,0.0,251,0.0
conv_human_ai_wildchat_0030,human_ai,3,0.0,15,0.0
conv_human_ai_wildchat_0030,human_ai,4,0.0,358,0.0036
conv_human_ai_wildchat_0030,human_ai,5,0.0,17,0.12
conv_human_ai_wildchat_0030,human_ai,6,0.0,265,0.0306
conv_human_ai_wildchat_0030,human_ai,7,0.0,6,0.0
conv_human_ai_wildchat_0030,human_ai,8,0.0,313,0.1508
conv_human_ai_wildchat_0030,human_ai,9,0.0,13,0.0
conv_human_ai_wildchat_0030,human_ai,10,0.0,187,0.2652
conv_human_ai_wildchat_0031,human_ai,2,0.0,170,0.0
conv_human_ai_wildchat_0031,human_ai,3,0.0,3,0.0
conv_human_ai_wildchat_0031,human_ai,4,0.0,24,0.0
conv_human_ai_wildchat_0031,human_ai,5,0.0,156,0.0
conv_human_ai_wildchat_0031,human_ai,6,1.5385,65,0.0
conv_human_ai_wildchat_0031,human_ai,7,0.4098,244,0.646
conv_human_ai_wildchat_0031,human_ai,8,0.0,58,0.1782
conv_human_ai_wildchat_0031,human_ai,9,0.0,3,0.0
conv_human_ai_wildchat_0031,human_ai,10,0.0,38,0.0
conv_human_ai_wildchat_0031,human_ai,11,0.0,1,0.0
conv_human_ai_wildchat_0031,human_ai,12,0.0,77,0.0
conv_human_ai_wildchat_0031,human_ai,13,0.0,1,0.0
conv_human_ai_wildchat_0031,human_ai,14,0.0,16,0.0
conv_human_ai_wildchat_0031,human_ai,15,0.0,4,0.0
conv_human_ai_wildchat_0031,human_ai,16,0.0,40,0.0
conv_human_ai_wildchat_0031,human_ai,17,0.0,17,0.0
conv_human_ai_wildchat_0031,human_ai,18,0.0,81,0.0265
conv_human_ai_wildchat_0032,human_ai,2,0.0,292,0.0
conv_human_ai_wildchat_0032,human_ai,3,0.0,22,0.0
conv_human_ai_wildchat_0032,human_ai,4,0.1739,575,0.0203
conv_human_ai_wildchat_0032,human_ai,5,0.0,32,0.0
conv_human_ai_wildchat_0032,human_ai,6,0.0,577,0.0056
conv_human_ai_wildchat_0032,human_ai,7,0.0,14,0.0
conv_human_ai_wildchat_0032,human_ai,8,0.0,511,0.0069
conv_human_ai_wildchat_0033,human_ai,2,0.0,26,0.0
conv_human_ai_wildchat_0033,human_ai,3,0.0,5,0.0
conv_human_ai_wildchat_0033,human_ai,4,0.0,83,0.0309
conv_human_ai_wildchat_0033,human_ai,5,0.0,4,0.0
conv_human_ai_wildchat_0033,human_ai,6,0.0,100,0.0427
conv_human_ai_wildchat_0033,human_ai,7,0.0,10,0.0
conv_human_ai_wildchat_0033,human_ai,8,0.0,147,0.0306
conv_human_ai_wildchat_0033,human_ai,9,0.0,5,0.0
conv_human_ai_wildchat_0033,human_ai,10,0.0,80,0.0
conv_human_ai_wildchat_0033,human_ai,11,0.2915,343,0.0
conv_human_ai_wildchat_0033,human_ai,12,0.0,124,0.0595
conv_human_ai_wildchat_0033,human_ai,13,0.0,3,0.0
conv_human_ai_wildchat_0033,human_ai,14,0.0,75,0.0321
conv_human_ai_wildchat_0034,human_ai,2,0.0,116,0.0
conv_human_ai_wildchat_0034,human_ai,3,0.0,23,0.0
conv_human_ai_wildchat_0034,human_ai,4,0.0,87,0.0
conv_human_ai_wildchat_0034,human_ai,5,0.0,10,0.0
conv_human_ai_wildchat_0034,human_ai,6,0.6711,149,0.0
conv_human_ai_wildchat_0034,human_ai,7,0.0,24,0.0
conv_human_ai_wildchat_0034,human_ai,8,0.6711,149,0.0
conv_human_ai_wildchat_0034,human_ai,9,0.0,15,0.0
conv_human_ai_wildchat_0034,human_ai,10,0.5882,170,0.0132
conv_human_ai_wildchat_0034,human_ai,11,0.0,16,0.0
conv_human_ai_wildchat_0034,human_ai,12,0.0,208,0.0056
conv_human_ai_wildchat_0034,human_ai,13,0.0,17,0.0
conv_human_ai_wildchat_0034,human_ai,14,1.3605,147,0.0117
conv_human_ai_wildchat_0034,human_ai,15,0.0,15,0.0
conv_human_ai_wildchat_0034,human_ai,16,0.0,152,0.0323
conv_human_ai_wildchat_0034,human_ai,17,0.0,16,0.0
conv_human_ai_wildchat_0034,human_ai,18,0.0,139,0.0071
conv_human_ai_wildchat_0034,human_ai,19,0.0,9,0.0
conv_human_ai_wildchat_0034,human_ai,20,0.0,158,0.0034
conv_human_ai_wildchat_0035,human_ai,2,0.939,213,0.0
conv_human_ai_wildchat_0035,human_ai,3,0.0,20,0.0
conv_human_ai_wildchat_0035,human_ai,4,0.0,325,0.0
conv_human_ai_wildchat_0035,human_ai,5,0.0,4,0.0
conv_human_ai_wildchat_0035,human_ai,6,0.0,346,0.0467
conv_human_ai_wildchat_0035,human_ai,7,0.0,4,0.0
conv_human_ai_wildchat_0035,human_ai,8,0.0,314,0.025
conv_human_ai_wildchat_0035,human_ai,9,0.0,9,0.0
conv_human_ai_wildchat_0035,human_ai,10,0.0,165,0.0331
conv_human_ai_wildchat_0035,human_ai,11,0.0,16,0.0
conv_human_ai_wildchat_0035,human_ai,12,0.0,340,0.0234
conv_human_ai_wildchat_0035,human_ai,13,0.0,5,0.0
conv_human_ai_wildchat_0035,human_ai,14,0.0,319,0.0123
conv_human_ai_wildchat_0035,human_ai,15,0.0,5,0.0
conv_human_ai_wildchat_0035,human_ai,16,0.3185,314,0.0469
conv_human_ai_wildchat_0035,human_ai,17,0.0,10,0.0
conv_human_ai_wildchat_0035,human_ai,18,0.0,152,0.0023
conv_human_ai_wildchat_0036,human_ai,2,3.4483,29,0.0
conv_human_ai_wildchat_0036,human_ai,3,0.0,4,0.0
conv_human_ai_wildchat_0036,human_ai,4,0.0,61,0.0
conv_human_ai_wildchat_0036,human_ai,5,0.0,4,0.3333
conv_human_ai_wildchat_0036,human_ai,6,0.0,86,0.0221
conv_human_ai_wildchat_0036,human_ai,7,0.0,4,0.0
conv_human_ai_wildchat_0036,human_ai,8,0.0,70,0.0068
conv_human_ai_wildchat_0037,human_ai,2,0.0,36,0.0
conv_human_ai_wildchat_0037,human_ai,3,0.2545,393,0.0
conv_human_ai_wildchat_0037,human_ai,4,0.0,91,0.1415
conv_human_ai_wildchat_0037,human_ai,5,0.2028,493,0.8048
conv_human_ai_wildchat_0037,human_ai,6,0.0,81,0.2117
conv_human_ai_wildchat_0037,human_ai,7,0.1678,596,0.8659
conv_human_ai_wildchat_0037,human_ai,8,0.0,82,0.3167
conv_human_ai_wildchat_0037,human_ai,9,0.1391,719,0.8704
conv_human_ai_wildchat_0037,human_ai,10,0.0,91,0.296
conv_human_ai_wildchat_0038,human_ai,2,0.0,80,0.0
conv_human_ai_wildchat_0038,human_ai,3,0.1258,795,0.0
conv_human_ai_wildchat_0038,human_ai,4,0.0,115,0.1962
conv_human_ai_wildchat_0038,human_ai,5,0.0,1,0.0
conv_human_ai_wildchat_0038,human_ai,6,0.0,15,0.0
conv_human_ai_wildchat_0038,human_ai,7,0.0,8,0.0
conv_human_ai_wildchat_0038,human_ai,8,0.0,50,0.0517
conv_human_ai_wildchat_0038,human_ai,9,0.1215,823,0.0016
conv_human_ai_wildchat_0038,human_ai,10,0.0,74,0.2245
conv_human_ai_wildchat_0038,human_ai,11,0.0,1,0.0
conv_human_ai_wildchat_0038,human_ai,12,0.0,34,0.0612
conv_human_ai_wildchat_0038,human_ai,13,0.0,1,0.0
conv_human_ai_wildchat_0038,human_ai,14,0.0,35,0.1607
conv_human_ai_wildchat_0039,human_ai,2,0.0,81,0.0
conv_human_ai_wildchat_0039,human_ai,3,0.0,104,0.0
conv_human_ai_wildchat_0039,human_ai,4,0.0,274,0.0
conv_human_ai_wildchat_0039,human_ai,5,0.0,27,0.0
conv_human_ai_wildchat_0039,human_ai,6,0.0,102,0.0
conv_human_ai_wildchat_0039,human_ai,7,0.0,34,0.0
conv_human_ai_wildchat_0039,human_ai,8,0.0,43,0.0
conv_human_ai_wildchat_0039,human_ai,9,0.0,60,0.0
conv_human_ai_wildchat_0039,human_ai,10,0.0,85,0.0
conv_human_ai_wildchat_0039,human_ai,11,0.0,406,0.0
conv_human_ai_wildchat_0039,human_ai,12,0.0,273,0.0
conv_human_ai_wildchat_0040,human_ai,2,0.0,474,0.0
conv_human_ai_wildchat_0040,human_ai,3,0.0,80,0.0
conv_human_ai_wildchat_0040,human_ai,4,0.0,391,0.0179
conv_human_ai_wildchat_0040,human_ai,5,4.0,25,0.0632
conv_human_ai_wildchat_0040,human_ai,6,0.0,527,0.0193
conv_human_ai_wildchat_0040,human_ai,7,2.381,42,0.7188
conv_human_ai_wildchat_0040,human_ai,8,0.0,571,0.0192
conv_human_ai_wildchat_0041,human_ai,2,0.0,96,0.0
conv_human_ai_wildchat_0041,human_ai,3,0.0,6,0.0
conv_human_ai_wildchat_0041,human_ai,4,2.3055,347,0.0507
conv_human_ai_wildchat_0041,human_ai,5,0.0,75,0.0
conv_human_ai_wildchat_0041,human_ai,6,0.0,132,0.0064
conv_human_ai_wildchat_0041,human_ai,7,0.0,107,0.0
conv_human_ai_wildchat_0041,human_ai,8,0.3774,265,0.0264
conv_human_ai_wildchat_0041,human_ai,9,0.0,13,0.0
conv_human_ai_wildchat_0041,human_ai,10,0.0,347,0.0368
conv_human_ai_wildchat_0041,human_ai,11,0.0,33,0.0
conv_human_ai_wildchat_0041,human_ai,12,1.2698,315,0.0208
conv_human_ai_wildchat_0041,human_ai,13,0.0,10,0.0
conv_human_ai_wildchat_0041,human_ai,14,0.0,490,0.0252
conv_human_ai_wildchat_0041,human_ai,15,0.0,7,0.0
conv_human_ai_wildchat_0041,human_ai,16,0.5319,188,0.0062
conv_human_ai_wildchat_0041,human_ai,17,0.0,22,0.0
conv_human_ai_wildchat_0041,human_ai,18,0.0,519,0.0455
conv_human_ai_wildchat_0041,human_ai,19,0.0,5,0.0
conv_human_ai_wildchat_0041,human_ai,20,0.0,85,0.0034
conv_human_ai_wildchat_0042,human_ai,2,0.2387,419,0.0
conv_human_ai_wildchat_0042,human_ai,3,0.0,28,0.0
conv_human_ai_wildchat_0042,human_ai,4,0.2237,447,0.0144
conv_human_ai_wildchat_0042,human_ai,5,0.0,16,0.0
conv_human_ai_wildchat_0042,human_ai,6,0.0,142,0.0194
conv_human_ai_wildchat_0042,human_ai,7,0.0,14,0.0
conv_human_ai_wildchat_0042,human_ai,8,0.6579,304,0.0025
conv_human_ai_wildchat_0042,human_ai,9,0.0,5,0.0
conv_human_ai_wildchat_0042,human_ai,10,0.0,135,0.0204
conv_human_ai_wildchat_0043,human_ai,2,0.0,123,0.0
conv_human_ai_wildchat_0043,human_ai,3,0.0,10,0.0
conv_human_ai_wildchat_0043,human_ai,4,0.0,125,0.0211
conv_human_ai_wildchat_0043,human_ai,5,0.0,17,0.0
conv_human_ai_wildchat_0043,human_ai,6,0.8929,112,0.0088
conv_human_ai_wildchat_0043,human_ai,7,0.0,6,0.0
conv_human_ai_wildchat_0043,human_ai,8,1.0417,96,0.0667
conv_human_ai_wildchat_0043,human_ai,9,0.0,4,0.0
conv_human_ai_wildchat_0043,human_ai,10,0.0,20,0.0
conv_human_ai_wildchat_0043,human_ai,11,0.0,6,0.0
conv_human_ai_wildchat_0043,human_ai,12,0.0,41,0.1176
conv_human_ai_wildchat_0043,human_ai,13,0.0,5,0.0
conv_human_ai_wildchat_0043,human_ai,14,0.0,30,0.0469
conv_human_ai_wildchat_0043,human_ai,15,0.0,9,0.0
conv_human_ai_wildchat_0043,human_ai,16,0.0,30,0.0769
conv_human_ai_wildchat_0044,human_ai,2,0.0,51,0.0
conv_human_ai_wildchat_0044,human_ai,3,0.0,751,0.0
conv_human_ai_wildchat_0044,human_ai,4,0.0,404,0.0224
conv_human_ai_wildchat_0044,human_ai,5,0.0,5,0.0
conv_human_ai_wildchat_0044,human_ai,6,0.0,16,0.0053
conv_human_ai_wildchat_0044,human_ai,7,0.0,13,0.0
conv_human_ai_wildchat_0044,human_ai,8,0.0,77,0.0
conv_human_ai_wildchat_0045,human_ai,2,0.0,13,0.0
conv_human_ai_wildchat_0045,human_ai,3,0.0,6,0.0
conv_human_ai_wildchat_0045,human_ai,4,0.0,84,0.0
conv_human_ai_wildchat_0045,human_ai,5,0.0,3,0.0
conv_human_ai_wildchat_0045,human_ai,6,0.0,25,0.0096
conv_human_ai_wildchat_0045,human_ai,7,0.0,1,0.0
conv_human_ai_wildchat_0045,human_ai,8,0.0,78,0.0
conv_human_ai_wildchat_0045,human_ai,9,0.0,3,0.0
conv_human_ai_wildchat_0045,human_ai,10,0.0,21,0.0
conv_human_ai_wildchat_0045,human_ai,11,0.0,3,0.0
conv_human_ai_wildchat_0045,human_ai,12,0.0,123,0.0
conv_human_ai_wildchat_0045,human_ai,13,0.0,7,0.0
conv_human_ai_wildchat_0045,human_ai,14,0.0,166,0.0143
conv_human_ai_wildchat_0045,human_ai,15,0.0,7,0.0
conv_human_ai_wildchat_0045,human_ai,16,0.0,271,0.0
conv_human_ai_wildchat_0045,human_ai,17,0.0,6,0.0
conv_human_ai_wildchat_0045,human_ai,18,0.0,59,0.0
conv_human_ai_wildchat_0045,human_ai,19,0.0,3,0.0
conv_human_ai_wildchat_0045,human_ai,20,0.0,46,0.0
conv_human_ai_wildchat_0046,human_ai,2,0.0,28,0.0
conv_human_ai_wildchat_0046,human_ai,3,0.0,20,0.0
conv_human_ai_wildchat_0046,human_ai,4,0.7246,138,0.0
conv_human_ai_wildchat_0046,human_ai,5,0.0,12,0.0
conv_human_ai_wildchat_0046,human_ai,6,0.0,183,0.0166
conv_human_ai_wildchat_0046,human_ai,7,0.0,33,0.0
conv_human_ai_wildchat_0046,human_ai,8,0.6006,333,0.0
conv_human_ai_wildchat_0046,human_ai,9,0.0,19,0.0
conv_human_ai_wildchat_0046,human_ai,10,0.5587,179,0.0
conv_human_ai_wildchat_0046,human_ai,11,0.0,29,0.0
conv_human_ai_wildchat_0046,human_ai,12,1.1494,174,0.0767
conv_human_ai_wildchat_0046,human_ai,13,0.0,48,0.0282
conv_human_ai_wildchat_0046,human_ai,14,0.9231,325,0.0534
conv_human_ai_wildchat_0046,human_ai,15,0.0,13,0.0
conv_human_ai_wildchat_0046,human_ai,16,0.431,232,0.1021
conv_human_ai_wildchat_0046,human_ai,17,0.0,14,0.0
conv_human_ai_wildchat_0046,human_ai,18,0.0,238,0.0157
conv_human_ai_wildchat_0046,human_ai,19,0.0,7,0.0
conv_human_ai_wildchat_0046,human_ai,20,0.0,252,0.0021
conv_human_ai_wildchat_0047,human_ai,2,0.0,32,0.0
conv_human_ai_wildchat_0047,human_ai,3,0.0,60,0.0
conv_human_ai_wildchat_0047,human_ai,4,0.0,109,0.0
conv_human_ai_wildchat_0047,human_ai,5,0.0,30,0.0
conv_human_ai_wildchat_0047,human_ai,6,0.9174,109,0.0
conv_human_ai_wildchat_0047,human_ai,7,0.0,14,0.0
conv_human_ai_wildchat_0047,human_ai,8,0.0,130,0.0
conv_human_ai_wildchat_0048,human_ai,2,0.0,45,0.0
conv_human_ai_wildchat_0048,human_ai,3,0.0,3,0.0
conv_human_ai_wildchat_0048,human_ai,4,0.0,21,0.0
conv_human_ai_wildchat_0048,human_ai,5,0.0,8,0.0
conv_human_ai_wildchat_0048,human_ai,6,0.0,63,0.0
conv_human_ai_wildchat_0048,human_ai,7,0.0,287,0.0
conv_human_ai_wildchat_0048,human_ai,8,0.0,94,0.0
conv_human_ai_wildchat_0048,human_ai,9,0.0,3,0.0
conv_human_ai_wildchat_0048,human_ai,10,0.0,21,0.0
conv_human_ai_wildchat_0048,human_ai,11,0.0,301,0.0
conv_human_ai_wildchat_0048,human_ai,12,0.0,93,0.0
conv_human_ai_wildchat_0048,human_ai,13,0.0,1,0.0
conv_human_ai_wildchat_0048,human_ai,14,0.0,7,0.0
conv_human_ai_wildchat_0048,human_ai,15,0.0,1,0.0
conv_human_ai_wildchat_0048,human_ai,16,0.0,15,0.0
conv_human_ai_wildchat_0048,human_ai,17,0.0,5,0.0
conv_human_ai_wildchat_0048,human_ai,18,0.0,55,0.0
conv_human_ai_wildchat_0049,human_ai,2,2.9412,34,0.0
conv_human_ai_wildchat_0049,human_ai,3,0.0,5,0.0
conv_human_ai_wildchat_0049,human_ai,4,0.0,23,0.1277
conv_human_ai_wildchat_0049,human_ai,5,0.0,4,0.0
conv_human_ai_wildchat_0049,human_ai,6,0.0,23,0.68
conv_human_ai_wildchat_0049,human_ai,7,0.0,6,0.2
conv_human_ai_wildchat_0049,human_ai,8,1.8868,53,0.2632
conv_human_ai_wildchat_0050,human_ai,2,0.0,7,0.0
conv_human_ai_wildchat_0050,human_ai,3,0.0,38,0.0
conv_human_ai_wildchat_0050,human_ai,4,0.0,336,0.0
conv_human_ai_wildchat_0050,human_ai,5,0.0,21,0.06
conv_human_ai_wildchat_0050,human_ai,6,0.3497,286,0.0274
conv_human_ai_wildchat_0050,human_ai,7,0.0,13,0.0
conv_human_ai_wildchat_0050,human_ai,8,2.1739,276,0.0116
conv_human_ai_wildchat_0051,human_ai,2,0.0,69,0.0
conv_human_ai_wildchat_0051,human_ai,3,0.0,33,0.0
conv_human_ai_wildchat_0051,human_ai,4,0.0,86,0.1328
conv_human_ai_wildchat_0051,human_ai,5,0.0,9,0.0
conv_human_ai_wildchat_0051,human_ai,6,0.0,88,0.1838
conv_human_ai_wildchat_0051,human_ai,7,0.0,4,0.2857
conv_human_ai_wildchat_0051,human_ai,8,0.0,94,0.106
conv_human_ai_wildchat_0051,human_ai,9,0.0,4,1.0
conv_human_ai_wildchat_0051,human_ai,10,0.0,114,0.096
conv_human_ai_wildchat_0051,human_ai,11,0.0,39,0.0
conv_human_ai_wildchat_0051,human_ai,12,0.0,242,0.0118
conv_human_ai_wildchat_0051,human_ai,13,0.0,296,0.0484
conv_human_ai_wildchat_0051,human_ai,14,1.4815,135,0.074
conv_human_ai_wildchat_0052,human_ai,2,0.0,345,0.0
conv_human_ai_wildchat_0052,human_ai,3,0.0,231,0.0
conv_human_ai_wildchat_0052,human_ai,4,0.0,648,0.0021
conv_human_ai_wildchat_0052,human_ai,5,0.0,224,0.8957
conv_human_ai_wildchat_0052,human_ai,6,0.0,428,0.0661
conv_human_ai_wildchat_0052,human_ai,7,0.0,231,0.8918
conv_human_ai_wildchat_0052,human_ai,8,0.0,379,0.0658
conv_human_ai_wildchat_0052,human_ai,9,0.0,226,0.8957
conv_human_ai_wildchat_0052,human_ai,10,0.0,350,0.0723
conv_human_ai_wildchat_0052,human_ai,11,0.0,223,0.9238
conv_human_ai_wildchat_0052,human_ai,12,0.0,382,0.1351
conv_human_ai_wildchat_0052,human_ai,13,0.0,226,0.945
conv_human_ai_wildchat_0052,human_ai,14,0.0,343,0.059
conv_human_ai_wildchat_0052,human_ai,15,0.0,222,0.9364
conv_human_ai_wildchat_0052,human_ai,16,0.0,328,0.118
conv_human_ai_wildchat_0052,human_ai,17,0.0,224,0.9196
conv_human_ai_wildchat_0052,human_ai,18,0.0,335,0.1055
conv_human_ai_wildchat_0052,human_ai,19,0.0,224,0.9115
conv_human_ai_wildchat_0052,human_ai,20,0.232,431,0.0838
conv_human_ai_wildchat_0053,human_ai,2,0.0,568,0.0
conv_human_ai_wildchat_0053,human_ai,3,0.0,26,0.0
conv_human_ai_wildchat_0053,human_ai,4,0.1946,514,0.0066
conv_human_ai_wildchat_0053,human_ai,5,0.0,10,0.0
conv_human_ai_wildchat_0053,human_ai,6,0.2915,343,0.0059
conv_human_ai_wildchat_0053,human_ai,7,0.0,13,0.0
conv_human_ai_wildchat_0053,human_ai,8,0.3165,316,0.0046
conv_human_ai_wildchat_0053,human_ai,9,0.0,11,0.0
conv_human_ai_wildchat_0053,human_ai,10,0.2933,341,0.0
conv_human_ai_wildchat_0054,human_ai,2,0.0,25,0.0
conv_human_ai_wildchat_0054,human_ai,3,0.0,4,0.0
conv_human_ai_wildchat_0054,human_ai,4,0.0,15,0.0
conv_human_ai_wildchat_0054,human_ai,5,0.0,2,0.0
conv_human_ai_wildchat_0054,human_ai,6,0.0,18,0.0
conv_human_ai_wildchat_0054,human_ai,7,0.0,6,0.0
conv_human_ai_wildchat_0054,human_ai,8,0.0,34,0.0
conv_human_ai_wildchat_0054,human_ai,9,0.0,4,0.0
conv_human_ai_wildchat_0054,human_ai,10,0.0,39,0.0147
conv_human_ai_wildchat_0054,human_ai,11,0.0,6,0.0
conv_human_ai_wildchat_0054,human_ai,12,0.0,47,0.0123
conv_human_ai_wildchat_0054,human_ai,13,0.0,6,1.0
conv_human_ai_wildchat_0054,human_ai,14,0.0,35,0.0263
conv_human_ai_wildchat_0054,human_ai,15,0.0,6,1.0
conv_human_ai_wildchat_0054,human_ai,16,0.0,38,0.1129
conv_human_ai_wildchat_0055,human_ai,2,0.2309,433,0.0
conv_human_ai_wildchat_0055,human_ai,3,0.0,30,0.0
conv_human_ai_wildchat_0055,human_ai,4,0.0,389,0.0257
conv_human_ai_wildchat_0055,human_ai,5,0.0,10,0.0
conv_human_ai_wildchat_0055,human_ai,6,0.2907,344,0.0243
conv_human_ai_wildchat_0055,human_ai,7,0.0,11,0.0
conv_human_ai_wildchat_0055,human_ai,8,0.0,268,0.0118
conv_human_ai_wildchat_0055,human_ai,9,0.0,10,0.0
conv_human_ai_wildchat_0055,human_ai,10,0.0,293,0.0074
conv_human_ai_wildchat_0056,human_ai,2,0.0,401,0.0
conv_human_ai_wildchat_0056,human_ai,3,0.0,66,0.0
conv_human_ai_wildchat_0056,human_ai,4,0.0,402,0.0677
conv_human_ai_wildchat_0056,human_ai,5,0.0,59,0.1667
conv_human_ai_wildchat_0056,human_ai,6,0.2551,392,0.0486
conv_human_ai_wildchat_0056,human_ai,7,0.0,49,0.284
conv_human_ai_wildchat_0056,human_ai,8,0.2342,427,0.1426
conv_human_ai_wildchat_0056,human_ai,9,0.0,71,0.027
conv_human_ai_wildchat_0056,human_ai,10,0.6593,455,0.0063
conv_human_ai_wildchat_0057,human_ai,2,0.0,20,0.0
conv_human_ai_wildchat_0057,human_ai,3,0.0,12,0.0
conv_human_ai_wildchat_0057,human_ai,4,0.0,53,0.0794
conv_human_ai_wildchat_0057,human_ai,5,1.0929,183,0.0
conv_human_ai_wildchat_0057,human_ai,6,0.0,198,0.0
conv_human_ai_wildchat_0057,human_ai,7,1.3986,143,0.7198
conv_human_ai_wildchat_0057,human_ai,8,0.0,173,0.0233
conv_human_ai_wildchat_0057,human_ai,9,0.0,19,0.0
conv_human_ai_wildchat_0057,human_ai,10,0.0,143,0.0172
conv_human_ai_wildchat_0057,human_ai,11,1.3514,148,0.0
conv_human_ai_wildchat_0057,human_ai,12,0.9901,202,0.195
conv_human_ai_wildchat_0057,human_ai,13,0.0,6,0.0
conv_human_ai_wildchat_0057,human_ai,14,0.5917,169,0.2535
conv_human_ai_wildchat_0057,human_ai,15,0.0,6,0.0
conv_human_ai_wildchat_0057,human_ai,16,0.6211,161,0.386
conv_human_ai_wildchat_0057,human_ai,17,0.0,5,0.0
conv_human_ai_wildchat_0057,human_ai,18,0.6024,166,0.3805
conv_human_ai_wildchat_0057,human_ai,19,0.0,3,0.3333
conv_human_ai_wildchat_0057,human_ai,20,0.5988,167,0.4159
conv_human_ai_wildchat_0058,human_ai,2,0.0,411,0.0
conv_human_ai_wildchat_0058,human_ai,3,0.0917,2180,0.0
conv_human_ai_wildchat_0058,human_ai,4,0.0,410,0.1228
conv_human_ai_wildchat_0058,human_ai,5,0.091,2197,0.9903
conv_human_ai_wildchat_0058,human_ai,6,0.0,410,0.2447
conv_human_ai_wildchat_0058,human_ai,7,0.0,6,0.0
conv_human_ai_wildchat_0058,human_ai,8,0.0,133,0.3422
conv_human_ai_wildchat_0059,human_ai,2,0.0,217,0.0
conv_human_ai_wildchat_0059,human_ai,3,0.0,7,0.0
conv_human_ai_wildchat_0059,human_ai,4,0.0,31,0.0
conv_human_ai_wildchat_0059,human_ai,5,0.0,5,0.0
conv_human_ai_wildchat_0059,human_ai,6,0.0,38,0.0351
conv_human_ai_wildchat_0059,human_ai,7,0.0,7,0.0
conv_human_ai_wildchat_0059,human_ai,8,0.0,61,0.2179
conv_human_ai_wildchat_0059,human_ai,9,0.0,10,0.0
conv_human_ai_wildchat_0059,human_ai,10,0.0,32,0.0
conv_human_ai_wildchat_0060,human_ai,2,0.0,7,0.0
conv_human_ai_wildchat_0060,human_ai,3,0.0,5,0.0
conv_human_ai_wildchat_0060,human_ai,4,0.0,164,0.0
conv_human_ai_wildchat_0060,human_ai,5,0.0,5,0.0
conv_human_ai_wildchat_0060,human_ai,6,0.0,178,0.0282
conv_human_ai_wildchat_0060,human_ai,7,0.0,4,0.0
conv_human_ai_wildchat_0060,human_ai,8,0.0,182,0.0116
conv_human_ai_wildchat_0060,human_ai,9,0.0,5,0.0
conv_human_ai_wildchat_0060,human_ai,10,0.0,115,0.0105
conv_human_ai_wildchat_0060,human_ai,11,0.0,10,0.0
conv_human_ai_wildchat_0060,human_ai,12,0.0,209,0.0
conv_human_ai_wildchat_0060,human_ai,13,0.0,7,0.0
conv_human_ai_wildchat_0060,human_ai,14,0.0,165,0.0237
conv_human_ai_wildchat_0061,human_ai,2,0.0,194,0.0
conv_human_ai_wildchat_0061,human_ai,3,0.0,49,0.0
conv_human_ai_wildchat_0061,human_ai,4,0.0,303,0.0
conv_human_ai_wildchat_0061,human_ai,5,0.0,24,0.0147
conv_human_ai_wildchat_0061,human_ai,6,0.0,229,0.0287
conv_human_ai_wildchat_0061,human_ai,7,0.0,25,0.0
conv_human_ai_wildchat_0061,human_ai,8,0.578,173,0.1785
conv_human_ai_wildchat_0062,human_ai,2,0.0,269,0.0
conv_human_ai_wildchat_0062,human_ai,3,0.0,6,0.0
conv_human_ai_wildchat_0062,human_ai,4,0.2597,385,0.0016
conv_human_ai_wildchat_0062,human_ai,5,0.0,3,0.0
conv_human_ai_wildchat_0062,human_ai,6,0.0,373,0.0056
conv_human_ai_wildchat_0062,human_ai,7,0.0,2,0.0
conv_human_ai_wildchat_0062,human_ai,8,0.0,390,0.0153
conv_human_ai_wildchat_0063,human_ai,2,0.0,156,0.0
conv_human_ai_wildchat_0063,human_ai,3,0.0,6,0.0
conv_human_ai_wildchat_0063,human_ai,4,0.0,16,0.0122
conv_human_ai_wildchat_0063,human_ai,5,0.0,25,0.0
conv_human_ai_wildchat_0063,human_ai,6,0.0,57,0.0
conv_human_ai_wildchat_0063,human_ai,7,0.0,36,0.697
conv_human_ai_wildchat_0063,human_ai,8,0.0,76,0.0574
conv_human_ai_wildchat_0064,human_ai,2,0.0,1100,0.0
conv_human_ai_wildchat_0064,human_ai,3,0.0,14,0.0
conv_human_ai_wildchat_0064,human_ai,4,0.0,493,0.0261
conv_human_ai_wildchat_0064,human_ai,5,0.0,21,0.0
conv_human_ai_wildchat_0064,human_ai,6,0.7634,131,0.0037
conv_human_ai_wildchat_0064,human_ai,7,2.9412,34,0.0
conv_human_ai_wildchat_0064,human_ai,8,0.0,279,0.0
conv_human_ai_wildchat_0064,human_ai,9,0.0,9,0.0
conv_human_ai_wildchat_0064,human_ai,10,0.0,54,0.0
conv_human_ai_wildchat_0065,human_ai,2,0.0,221,0.0
conv_human_ai_wildchat_0065,human_ai,3,0.0,7,0.0
conv_human_ai_wildchat_0065,human_ai,4,0.2119,472,0.0016
conv_human_ai_wildchat_0065,human_ai,5,0.0,11,0.2727
conv_human_ai_wildchat_0065,human_ai,6,0.1508,663,0.0227
conv_human_ai_wildchat_0065,human_ai,7,0.0,13,0.8182
conv_human_ai_wildchat_0065,human_ai,8,0.1675,597,0.2305
conv_human_ai_wildchat_0066,human_ai,2,0.0,369,0.0
conv_human_ai_wildchat_0066,human_ai,3,0.0,447,0.0
conv_human_ai_wildchat_0066,human_ai,4,0.0,283,0.0047
conv_human_ai_wildchat_0066,human_ai,5,0.0,9,0.0
conv_human_ai_wildchat_0066,human_ai,6,0.0,215,0.0637
conv_human_ai_wildchat_0066,human_ai,7,0.0,14,0.0
conv_human_ai_wildchat_0066,human_ai,8,4.6512,43,0.0
conv_human_ai_wildchat_0067,human_ai,2,0.6944,144,0.0
conv_human_ai_wildchat_0067,human_ai,3,0.0,12,0.0
conv_human_ai_wildchat_0067,human_ai,4,0.0,131,0.0673
conv_human_ai_wildchat_0067,human_ai,5,0.0,16,0.0
conv_human_ai_wildchat_0067,human_ai,6,0.0,199,0.0181
conv_human_ai_wildchat_0067,human_ai,7,0.0,13,0.0
conv_human_ai_wildchat_0067,human_ai,8,0.0,230,0.0462
conv_human_ai_wildchat_0068,human_ai,2,0.0,146,0.0
conv_human_ai_wildchat_0068,human_ai,3,0.0,16,0.0
conv_human_ai_wildchat_0068,human_ai,4,0.0,210,0.0156
conv_human_ai_wildchat_0068,human_ai,5,0.0,22,0.0
conv_human_ai_wildchat_0068,human_ai,6,0.0,335,0.3177
conv_human_ai_wildchat_0068,human_ai,7,0.0,6,0.0
conv_human_ai_wildchat_0068,human_ai,8,0.0,383,0.2889
conv_human_ai_wildchat_0068,human_ai,9,0.0,22,0.0
conv_human_ai_wildchat_0068,human_ai,10,0.0,656,0.4067
conv_human_ai_wildchat_0068,human_ai,11,0.0,15,0.0
conv_human_ai_wildchat_0068,human_ai,12,0.0,575,0.6972
conv_human_ai_wildchat_0068,human_ai,13,0.0,23,0.0
conv_human_ai_wildchat_0068,human_ai,14,0.0,838,0.4334
conv_human_ai_wildchat_0068,human_ai,15,0.0,5,0.0
conv_human_ai_wildchat_0068,human_ai,16,0.0,173,0.0185
conv_human_ai_wildchat_0068,human_ai,17,0.0,8,0.0
conv_human_ai_wildchat_0068,human_ai,18,0.0,480,0.0101
conv_human_ai_wildchat_0069,human_ai,2,0.0,243,0.0
conv_human_ai_wildchat_0069,human_ai,3,0.0,17,0.0
conv_human_ai_wildchat_0069,human_ai,4,0.0,279,0.0578
conv_human_ai_wildchat_0069,human_ai,5,0.0,9,0.0
conv_human_ai_wildchat_0069,human_ai,6,0.0,9,0.0
conv_human_ai_wildchat_0069,human_ai,7,0.0,84,0.0
conv_human_ai_wildchat_0069,human_ai,8,0.0,338,0.0
conv_human_ai_wildchat_0069,human_ai,9,0.0,70,0.0567
conv_human_ai_wildchat_0069,human_ai,10,0.0,374,0.0951
conv_human_ai_wildchat_0069,human_ai,11,0.0,15,0.0
conv_human_ai_wildchat_0069,human_ai,12,0.0,140,0.009
conv_human_ai_wildchat_0069,human_ai,13,0.0,14,0.0417
conv_human_ai_wildchat_0069,human_ai,14,0.0,240,0.0431
conv_human_ai_wildchat_0069,human_ai,15,0.0,7,0.0
conv_human_ai_wildchat_0069,human_ai,16,0.0,206,0.0891
conv_human_ai_wildchat_0069,human_ai,17,0.0,6,0.0
conv_human_ai_wildchat_0069,human_ai,18,0.0,21,0.0
conv_human_ai_wildchat_0070,human_ai,2,0.0,417,0.0
conv_human_ai_wildchat_0070,human_ai,3,0.0,12,0.0
conv_human_ai_wildchat_0070,human_ai,4,0.0,453,0.0
conv_human_ai_wildchat_0070,human_ai,5,0.0,33,0.0
conv_human_ai_wildchat_0070,human_ai,6,0.0,160,0.0
conv_human_ai_wildchat_0070,human_ai,7,0.0,25,0.0
conv_human_ai_wildchat_0070,human_ai,8,0.0,232,0.2721
conv_human_ai_wildchat_0071,human_ai,2,3.3333,30,0.0
conv_human_ai_wildchat_0071,human_ai,3,0.0,4,0.0
conv_human_ai_wildchat_0071,human_ai,4,0.0,18,0.1026
conv_human_ai_wildchat_0071,human_ai,5,0.0,3,0.0
conv_human_ai_wildchat_0071,human_ai,6,0.0,26,0.0256
conv_human_ai_wildchat_0071,human_ai,7,0.0,3,0.0
conv_human_ai_wildchat_0071,human_ai,8,0.0,46,0.0149
conv_human_ai_wildchat_0072,human_ai,2,0.0,7,0.0
conv_human_ai_wildchat_0072,human_ai,3,0.0,3,0.0
conv_human_ai_wildchat_0072,human_ai,4,0.0,18,0.0
conv_human_ai_wildchat_0072,human_ai,5,0.0,4,0.0
conv_human_ai_wildchat_0072,human_ai,6,0.0,352,0.0
conv_human_ai_wildchat_0072,human_ai,7,0.0,6,0.0
conv_human_ai_wildchat_0072,human_ai,8,0.0,103,0.0
conv_human_ai_wildchat_0072,human_ai,9,0.0,5,0.0
conv_human_ai_wildchat_0072,human_ai,10,0.0,405,0.0
conv_human_ai_wildchat_0072,human_ai,11,0.0,4,0.0
conv_human_ai_wildchat_0072,human_ai,12,0.0,39,0.0
conv_human_ai_wildchat_0072,human_ai,13,0.0,0,0.0
conv_human_ai_wildchat_0072,human_ai,14,0.0,0,0.0
conv_human_ai_wildchat_0072,human_ai,15,0.0,0,0.0
conv_human_ai_wildchat_0072,human_ai,16,0.0,0,0.0
conv_human_ai_wildchat_0072,human_ai,18,0.0,0,0.0
conv_human_ai_wildchat_0073,human_ai,2,0.1923,520,0.0
conv_human_ai_wildchat_0073,human_ai,3,1.4085,71,0.0
conv_human_ai_wildchat_0073,human_ai,4,0.0,589,0.0157
conv_human_ai_wildchat_0073,human_ai,5,0.0,166,0.0088
conv_human_ai_wildchat_0073,human_ai,6,0.0,409,0.0011
conv_human_ai_wildchat_0073,human_ai,7,0.0,12,0.0
conv_human_ai_wildchat_0073,human_ai,8,0.0,397,0.0513
conv_human_ai_wildchat_0073,human_ai,9,0.0,16,0.0435
conv_human_ai_wildchat_0073,human_ai,10,0.0,382,0.0452
conv_human_ai_wildchat_0073,human_ai,11,0.0,10,0.0
conv_human_ai_wildchat_0073,human_ai,12,0.0,399,0.1064
conv_human_ai_wildchat_0073,human_ai,13,0.0,34,0.0
conv_human_ai_wildchat_0073,human_ai,14,0.0,431,0.1287
conv_human_ai_wildchat_0073,human_ai,15,0.0,53,0.0
conv_human_ai_wildchat_0073,human_ai,16,0.0,435,0.0785
conv_human_ai_wildchat_0073,human_ai,17,0.0,8,0.0
conv_human_ai_wildchat_0073,human_ai,18,0.0,400,0.1042
conv_human_ai_wildchat_0073,human_ai,19,0.0,23,0.0
conv_human_ai_wildchat_0073,human_ai,20,0.0,417,0.0608
conv_human_ai_wildchat_0074,human_ai,2,0.0,374,0.0
conv_human_ai_wildchat_0074,human_ai,3,0.0,25,0.0
conv_human_ai_wildchat_0074,human_ai,4,0.0,385,0.0223
conv_human_ai_wildchat_0074,human_ai,5,0.0,7,0.0
conv_human_ai_wildchat_0074,human_ai,6,0.0,308,0.0015
conv_human_ai_wildchat_0074,human_ai,7,0.0,29,0.0
conv_human_ai_wildchat_0074,human_ai,8,0.0,389,0.003
conv_human_ai_wildchat_0075,human_ai,2,0.0,238,0.0
conv_human_ai_wildchat_0075,human_ai,3,0.0,49,0.0
conv_human_ai_wildchat_0075,human_ai,4,0.0,402,0.0016
conv_human_ai_wildchat_0075,human_ai,5,0.0,117,0.0075
conv_human_ai_wildchat_0075,human_ai,6,0.7752,129,0.0289
conv_human_ai_wildchat_0075,human_ai,7,0.0,5,0.0
conv_human_ai_wildchat_0075,human_ai,8,0.0,319,0.0942
conv_human_ai_wildchat_0075,human_ai,9,0.0,1081,0.0
conv_human_ai_wildchat_0075,human_ai,10,0.0,400,0.367
conv_human_ai_wildchat_0075,human_ai,11,0.0,8,0.0
conv_human_ai_wildchat_0075,human_ai,12,0.0,410,0.5278
conv_human_ai_wildchat_0075,human_ai,13,0.0,8,1.0
conv_human_ai_wildchat_0075,human_ai,14,0.0,64,0.0
conv_human_ai_wildchat_0076,human_ai,2,0.0,284,0.0
conv_human_ai_wildchat_0076,human_ai,3,0.0,146,0.0
conv_human_ai_wildchat_0076,human_ai,4,0.0,89,0.079
conv_human_ai_wildchat_0076,human_ai,5,0.0,18,0.0
conv_human_ai_wildchat_0076,human_ai,6,0.8264,121,0.0316
conv_human_ai_wildchat_0076,human_ai,7,0.0,100,0.0
conv_human_ai_wildchat_0076,human_ai,8,0.5319,188,0.0246
conv_human_ai_wildchat_0076,human_ai,9,0.0,100,0.86
conv_human_ai_wildchat_0076,human_ai,10,1.3699,73,0.0
conv_human_ai_wildchat_0076,human_ai,11,0.0,6,0.0
conv_human_ai_wildchat_0076,human_ai,12,0.0,268,0.0034
conv_human_ai_wildchat_0076,human_ai,13,0.0,45,0.0
conv_human_ai_wildchat_0076,human_ai,14,0.0,141,0.1384
conv_human_ai_wildchat_0076,human_ai,15,0.0,18,0.0
conv_human_ai_wildchat_0076,human_ai,16,0.3731,268,0.0
conv_human_ai_wildchat_0076,human_ai,17,0.0,14,0.0
conv_human_ai_wildchat_0076,human_ai,18,0.0,277,0.0389
conv_human_ai_wildchat_0076,human_ai,19,0.0,18,0.0
conv_human_ai_wildchat_0076,human_ai,20,0.2907,344,0.0018
conv_human_ai_wildchat_0077,human_ai,2,0.0,130,0.0
conv_human_ai_wildchat_0077,human_ai,3,0.0,30,0.0
conv_human_ai_wildchat_0077,human_ai,4,0.0,282,0.0362
conv_human_ai_wildchat_0077,human_ai,5,0.0,32,0.871
conv_human_ai_wildchat_0077,human_ai,6,0.0,267,0.4966
conv_human_ai_wildchat_0077,human_ai,7,0.0,2,0.0
conv_human_ai_wildchat_0077,human_ai,8,0.0,143,0.295
conv_human_ai_wildchat_0078,human_ai,2,0.0,536,0.0
conv_human_ai_wildchat_0078,human_ai,3,0.0,9,0.0
conv_human_ai_wildchat_0078,human_ai,4,0.2222,450,0.0328
conv_human_ai_wildchat_0078,human_ai,5,0.0,15,0.5385
conv_human_ai_wildchat_0078,human_ai,6,0.0,450,0.1494
conv_human_ai_wildchat_0078,human_ai,7,0.0,10,0.1667
conv_human_ai_wildchat_0078,human_ai,8,0.0,440,0.1369
conv_human_ai_wildchat_0078,human_ai,9,0.0,15,0.6154
conv_human_ai_wildchat_0078,human_ai,10,0.0,380,0.3688
conv_human_ai_wildchat_0078,human_ai,11,0.0,10,0.1667
conv_human_ai_wildchat_0078,human_ai,12,0.2283,438,0.0224
conv_human_ai_wildchat_0078,human_ai,13,0.0,15,0.1667
conv_human_ai_wildchat_0078,human_ai,14,0.2538,394,0.0566
conv_human_ai_wildchat_0078,human_ai,15,0.0,13,0.1429
conv_human_ai_wildchat_0078,human_ai,16,0.0,31,0.0051
conv_human_ai_wildchat_0079,human_ai,2,1.0,200,0.0
conv_human_ai_wildchat_0079,human_ai,3,0.0,7,0.0
conv_human_ai_wildchat_0079,human_ai,4,0.0,127,0.1882
conv_human_ai_wildchat_0079,human_ai,5,0.0,26,0.0
conv_human_ai_wildchat_0079,human_ai,6,0.0,199,0.085
conv_human_ai_wildchat_0079,human_ai,7,0.0,20,0.0
conv_human_ai_wildchat_0079,human_ai,8,0.0,175,0.0767
conv_human_ai_wildchat_0079,human_ai,9,0.0,1,0.0
conv_human_ai_wildchat_0079,human_ai,10,0.0,18,0.0
conv_human_ai_wildchat_0079,human_ai,11,2.1277,47,0.0
conv_human_ai_wildchat_0079,human_ai,12,0.0,57,0.0
conv_human_ai_wildchat_0079,human_ai,13,0.0,1,0.0
conv_human_ai_wildchat_0079,human_ai,14,0.0,22,0.0
conv_human_ai_wildchat_0080,human_ai,2,0.0,314,0.0
conv_human_ai_wildchat_0080,human_ai,3,0.0,179,0.0
conv_human_ai_wildchat_0080,human_ai,4,0.0,600,0.012
conv_human_ai_wildchat_0080,human_ai,5,0.0,202,0.0
conv_human_ai_wildchat_0080,human_ai,6,0.0,619,0.6445
conv_human_ai_wildchat_0080,human_ai,7,0.0,75,0.0
conv_human_ai_wildchat_0080,human_ai,8,0.0,263,0.1734
conv_human_ai_wildchat_0080,human_ai,9,0.0,484,0.0
conv_human_ai_wildchat_0080,human_ai,10,0.0,696,0.0193
conv_human_ai_wildchat_0080,human_ai,11,0.0,177,0.1172
conv_human_ai_wildchat_0080,human_ai,12,0.0,228,0.0552
conv_human_ai_wildchat_0080,human_ai,13,0.0,197,0.625
conv_human_ai_wildchat_0080,human_ai,14,1.4925,67,0.0554
conv_human_ai_wildchat_0081,human_ai,2,0.4274,234,0.0
conv_human_ai_wildchat_0081,human_ai,3,0.0,16,0.0
conv_human_ai_wildchat_0081,human_ai,4,0.0,151,0.0312
conv_human_ai_wildchat_0081,human_ai,5,2.7027,37,0.0
conv_human_ai_wildchat_0081,human_ai,6,0.0,135,0.0108
conv_human_ai_wildchat_0081,human_ai,7,0.0,18,0.0
conv_human_ai_wildchat_0081,human_ai,8,0.0,20,0.0
conv_human_ai_wildchat_0082,human_ai,2,0.0,430,0.0
conv_human_ai_wildchat_0082,human_ai,3,0.0,231,0.0
conv_human_ai_wildchat_0082,human_ai,4,0.0,520,0.0
conv_human_ai_wildchat_0082,human_ai,5,0.0,231,1.0
conv_human_ai_wildchat_0082,human_ai,6,0.0,356,0.1259
conv_human_ai_wildchat_0082,human_ai,7,0.0,234,0.8766
conv_human_ai_wildchat_0082,human_ai,8,0.0,419,0.0929
conv_human_ai_wildchat_0083,human_ai,2,0.0,294,0.0
conv_human_ai_wildchat_0083,human_ai,3,0.2427,412,0.0
conv_human_ai_wildchat_0083,human_ai,4,0.0,340,0.0201
conv_human_ai_wildchat_0083,human_ai,5,0.0,21,0.0
conv_human_ai_wildchat_0083,human_ai,6,0.0,251,0.0576
conv_human_ai_wildchat_0083,human_ai,7,0.0,27,0.0476
conv_human_ai_wildchat_0083,human_ai,8,0.0,222,0.0602
conv_human_ai_wildchat_0083,human_ai,9,0.0,207,0.0519
conv_human_ai_wildchat_0083,human_ai,10,0.6024,332,0.0769
conv_human_ai_wildchat_0083,human_ai,11,0.0,27,0.0721
conv_human_ai_wildchat_0083,human_ai,12,0.0,13,0.0
conv_human_ai_wildchat_0083,human_ai,13,0.0,128,0.0
conv_human_ai_wildchat_0083,human_ai,14,0.0,313,0.0
conv_human_ai_wildchat_0083,human_ai,15,0.0,246,0.089
conv_human_ai_wildchat_0083,human_ai,16,0.0,314,0.4398
conv_human_ai_wildchat_0084,human_ai,2,0.0,148,0.0
conv_human_ai_wildchat_0084,human_ai,3,0.0,112,0.0
conv_human_ai_wildchat_0084,human_ai,4,0.0,135,0.0
conv_human_ai_wildchat_0084,human_ai,5,0.0,42,0.0
conv_human_ai_wildchat_0084,human_ai,6,0.0,123,0.0091
conv_human_ai_wildchat_0084,human_ai,7,0.0,8,0.0
conv_human_ai_wildchat_0084,human_ai,8,0.0,175,0.0037
conv_human_ai_wildchat_0084,human_ai,9,0.0,151,0.0
conv_human_ai_wildchat_0084,human_ai,10,0.0,156,0.1047
conv_human_ai_wildchat_0084,human_ai,11,0.0,34,0.0
conv_human_ai_wildchat_0084,human_ai,12,0.0,204,0.0
conv_human_ai_wildchat_0084,human_ai,13,0.0,8,0.0
conv_human_ai_wildchat_0084,human_ai,14,0.0,168,0.0615
conv_human_ai_wildchat_0084,human_ai,15,0.0,38,0.0
conv_human_ai_wildchat_0084,human_ai,16,0.0,157,0.0
conv_human_ai_wildchat_0084,human_ai,17,0.0,15,0.0
conv_human_ai_wildchat_0084,human_ai,18,0.0,191,0.0473
conv_human_ai_wildchat_0084,human_ai,19,0.0,4,0.0
conv_human_ai_wildchat_0084,human_ai,20,0.0,249,0.1858
conv_human_ai_wildchat_0085,human_ai,2,0.0,88,0.0
conv_human_ai_wildchat_0085,human_ai,3,0.0,18,0.0
conv_human_ai_wildchat_0085,human_ai,4,0.0,204,0.0036
conv_human_ai_wildchat_0085,human_ai,5,0.0,11,0.0417
conv_human_ai_wildchat_0085,human_ai,6,0.0,353,0.0603
conv_human_ai_wildchat_0085,human_ai,7,0.0,8,0.0
conv_human_ai_wildchat_0085,human_ai,8,0.361,277,0.0246
conv_human_ai_wildchat_0086,human_ai,2,0.0,642,0.0
conv_human_ai_wildchat_0086,human_ai,3,0.0,0,0.0
conv_human_ai_wildchat_0086,human_ai,4,0.0,444,0.0177
conv_human_ai_wildchat_0086,human_ai,5,0.0,0,0.0
conv_human_ai_wildchat_0086,human_ai,6,0.0,452,0.0465
conv_human_ai_wildchat_0086,human_ai,7,0.0,1,0.0
conv_human_ai_wildchat_0086,human_ai,8,0.0,133,0.0146
conv_human_ai_wildchat_0087,human_ai,2,0.0,11,0.0
conv_human_ai_wildchat_0087,human_ai,3,0.0,11,0.0
conv_human_ai_wildchat_0087,human_ai,4,0.0,109,0.0273
conv_human_ai_wildchat_0087,human_ai,5,0.0,11,0.0
conv_human_ai_wildchat_0087,human_ai,6,0.0,95,0.0
conv_human_ai_wildchat_0087,human_ai,7,0.0,11,0.5
conv_human_ai_wildchat_0087,human_ai,8,0.0,97,0.292
conv_human_ai_wildchat_0088,human_ai,2,0.0,12,0.0
conv_human_ai_wildchat_0088,human_ai,3,0.0,269,0.0
conv_human_ai_wildchat_0088,human_ai,4,0.0,246,0.004
conv_human_ai_wildchat_0088,human_ai,5,0.0,255,0.8836
conv_human_ai_wildchat_0088,human_ai,6,0.0,214,0.0983
conv_human_ai_wildchat_0088,human_ai,7,0.0,274,0.8949
conv_human_ai_wildchat_0088,human_ai,8,0.0,222,0.1758
conv_human_ai_wildchat_0088,human_ai,9,0.0,59,0.1799
conv_human_ai_wildchat_0088,human_ai,10,0.0,82,0.0455
conv_human_ai_wildchat_0089,human_ai,2,0.0,61,0.0
conv_human_ai_wildchat_0089,human_ai,3,0.0,4,0.0
conv_human_ai_wildchat_0089,human_ai,4,0.0,147,0.005
conv_human_ai_wildchat_0089,human_ai,5,0.0,5,0.0
conv_human_ai_wildchat_0089,human_ai,6,0.0,43,0.0
conv_human_ai_wildchat_0089,human_ai,7,0.0,7,0.0
conv_human_ai_wildchat_0089,human_ai,8,0.0,105,0.0
conv_human_ai_wildchat_0089,human_ai,9,0.0,15,0.0
conv_human_ai_wildchat_0089,human_ai,10,0.0,88,0.0054
conv_human_ai_wildchat_0090,human_ai,2,0.0,255,0.0
conv_human_ai_wildchat_0090,human_ai,3,0.0,8,0.0
conv_human_ai_wildchat_0090,human_ai,4,0.0,144,0.0289
conv_human_ai_wildchat_0090,human_ai,5,0.0,22,0.0
conv_human_ai_wildchat_0090,human_ai,6,1.1494,261,0.0076
conv_human_ai_wildchat_0090,human_ai,7,0.0,13,0.1071
conv_human_ai_wildchat_0090,human_ai,8,0.0,290,0.0074
conv_human_ai_wildchat_0090,human_ai,9,0.0,28,0.0
conv_human_ai_wildchat_0090,human_ai,10,0.4202,238,0.0077
conv_human_ai_wildchat_0090,human_ai,11,0.0,12,0.0294
conv_human_ai_wildchat_0090,human_ai,12,0.0,186,0.0024
conv_human_ai_wildchat_0090,human_ai,13,2.0,50,0.0
conv_human_ai_wildchat_0090,human_ai,14,1.2448,241,0.0074
conv_human_ai_wildchat_0090,human_ai,15,0.0,24,0.0
conv_human_ai_wildchat_0090,human_ai,16,0.0,185,0.015
conv_human_ai_wildchat_0090,human_ai,17,0.0,10,0.0345
conv_human_ai_wildchat_0090,human_ai,18,0.0,222,0.0104
conv_human_ai_wildchat_0090,human_ai,19,0.0,36,0.0
conv_human_ai_wildchat_0090,human_ai,20,0.463,216,0.0219
conv_human_ai_wildchat_0091,human_ai,2,0.4202,238,0.0
conv_human_ai_wildchat_0091,human_ai,3,0.0,20,0.0
conv_human_ai_wildchat_0091,human_ai,4,0.0,167,0.0137
conv_human_ai_wildchat_0091,human_ai,5,0.0,22,0.0
conv_human_ai_wildchat_0091,human_ai,6,0.0,316,0.221
conv_human_ai_wildchat_0091,human_ai,7,0.0,1,0.0
conv_human_ai_wildchat_0091,human_ai,8,0.0,16,0.0
conv_human_ai_wildchat_0092,human_ai,2,0.0,269,0.0
conv_human_ai_wildchat_0092,human_ai,3,0.0,31,0.0
conv_human_ai_wildchat_0092,human_ai,4,0.0,439,0.0179
conv_human_ai_wildchat_0092,human_ai,5,0.0,34,0.1091
conv_human_ai_wildchat_0092,human_ai,6,0.0,1030,0.0268
conv_human_ai_wildchat_0092,human_ai,7,0.0,9,0.0
conv_human_ai_wildchat_0092,human_ai,8,0.0,139,0.0053
conv_human_ai_wildchat_0093,human_ai,2,0.5348,187,0.0
conv_human_ai_wildchat_0093,human_ai,3,0.0,37,0.0
conv_human_ai_wildchat_0093,human_ai,4,0.678,295,0.2981
conv_human_ai_wildchat_0093,human_ai,5,0.0,14,0.0
conv_human_ai_wildchat_0093,human_ai,6,0.0,160,0.0211
conv_human_ai_wildchat_0093,human_ai,7,0.0,1,0.0
conv_human_ai_wildchat_0093,human_ai,8,0.0,14,0.0
conv_human_ai_wildchat_0093,human_ai,9,0.0,6,0.0
conv_human_ai_wildchat_0093,human_ai,10,0.0,223,0.0
conv_human_ai_wildchat_0093,human_ai,11,0.0,1,0.0
conv_human_ai_wildchat_0093,human_ai,12,0.0,14,0.0
conv_human_ai_wildchat_0094,human_ai,2,0.0,10,0.0
conv_human_ai_wildchat_0094,human_ai,3,0.0,2,0.0
conv_human_ai_wildchat_0094,human_ai,4,0.0,13,0.0
conv_human_ai_wildchat_0094,human_ai,5,0.0,2,0.0
conv_human_ai_wildchat_0094,human_ai,6,0.0,13,0.0476
conv_human_ai_wildchat_0094,human_ai,7,0.0,11,0.0
conv_human_ai_wildchat_0094,human_ai,8,0.0,8,0.0
conv_human_ai_wildchat_0094,human_ai,9,0.0,2,0.0
conv_human_ai_wildchat_0094,human_ai,10,0.0,10,0.0
conv_human_ai_wildchat_0094,human_ai,11,0.0,12,0.0
conv_human_ai_wildchat_0094,human_ai,12,0.0,22,0.037
conv_human_ai_wildchat_0095,human_ai,2,0.0,7,0.0
conv_human_ai_wildchat_0095,human_ai,3,0.0,3,0.0
conv_human_ai_wildchat_0095,human_ai,4,0.0,42,0.0
conv_human_ai_wildchat_0095,human_ai,5,0.4702,638,0.0
conv_human_ai_wildchat_0095,human_ai,6,0.0,146,0.0237
conv_human_ai_wildchat_0095,human_ai,7,0.0,0,0.0
conv_human_ai_wildchat_0095,human_ai,8,0.0,245,0.0
conv_human_ai_wildchat_0095,human_ai,9,0.0,0,0.0
conv_human_ai_wildchat_0095,human_ai,10,0.0,5,0.0045
conv_human_ai_wildchat_0096,human_ai,2,0.1698,589,0.0
conv_human_ai_wildchat_0096,human_ai,3,0.0,112,0.0
conv_human_ai_wildchat_0096,human_ai,4,0.0,586,0.0176
conv_human_ai_wildchat_0096,human_ai,5,0.0,22,0.0157
conv_human_ai_wildchat_0096,human_ai,6,0.6803,294,0.007
conv_human_ai_wildchat_0096,human_ai,7,0.0,74,0.0227
conv_human_ai_wildchat_0096,human_ai,8,0.3745,267,0.0112
conv_human_ai_wildchat_0096,human_ai,9,0.0,28,0.0
conv_human_ai_wildchat_0096,human_ai,10,0.0,374,0.0146
conv_human_ai_wildchat_0096,human_ai,11,0.0,13,0.0
conv_human_ai_wildchat_0096,human_ai,12,0.0,434,0.0115
conv_human_ai_wildchat_0096,human_ai,13,0.0,55,0.0
conv_human_ai_wildchat_0096,human_ai,14,0.0,338,0.1667
conv_human_ai_wildchat_0096,human_ai,15,0.8772,114,0.0
conv_human_ai_wildchat_0096,human_ai,16,0.5333,375,0.0029
conv_human_ai_wildchat_0096,human_ai,17,0.6289,159,0.0116
conv_human_ai_wildchat_0096,human_ai,18,0.3425,292,0.0
conv_human_ai_wildchat_0097,human_ai,2,0.0,415,0.0
conv_human_ai_wildchat_0097,human_ai,3,1.7241,58,0.0
conv_human_ai_wildchat_0097,human_ai,4,0.0,24,0.0
conv_human_ai_wildchat_0097,human_ai,5,0.0,9,0.0
conv_human_ai_wildchat_0097,human_ai,6,0.0,111,0.0484
conv_human_ai_wildchat_0097,human_ai,7,0.0,96,0.0309
conv_human_ai_wildchat_0097,human_ai,8,0.0,388,0.0594
conv_human_ai_wildchat_0097,human_ai,9,0.0,7,0.0
conv_human_ai_wildchat_0097,human_ai,10,0.0,187,0.0117
conv_human_ai_wildchat_0097,human_ai,11,0.0,132,0.0
conv_human_ai_wildchat_0097,human_ai,12,0.0,305,0.0762
conv_human_ai_wildchat_0097,human_ai,13,0.0,8,0.0
conv_human_ai_wildchat_0097,human_ai,14,0.0,530,0.2646
conv_human_ai_wildchat_0097,human_ai,15,1.7241,58,0.0
conv_human_ai_wildchat_0097,human_ai,16,0.0,20,0.0
conv_human_ai_wildchat_0097,human_ai,17,0.0,12,0.0
conv_human_ai_wildchat_0097,human_ai,18,0.0,107,0.0086
conv_human_ai_wildchat_0097,human_ai,19,0.0,99,0.1087
conv_human_ai_wildchat_0097,human_ai,20,0.0,113,0.3269
conv_human_ai_wildchat_0098,human_ai,2,0.0,181,0.0
conv_human_ai_wildchat_0098,human_ai,3,0.0,9,0.0
conv_human_ai_wildchat_0098,human_ai,4,0.0,215,0.0
conv_human_ai_wildchat_0098,human_ai,5,0.0,9,0.75
conv_human_ai_wildchat_0098,human_ai,6,0.0,279,0.1281
conv_human_ai_wildchat_0098,human_ai,7,0.0,23,0.037
conv_human_ai_wildchat_0098,human_ai,8,0.0,244,0.009
conv_human_ai_wildchat_0098,human_ai,9,0.0,8,0.0
conv_human_ai_wildchat_0098,human_ai,10,0.0,351,0.0289
conv_human_ai_wildchat_0098,human_ai,11,0.0,10,0.0
conv_human_ai_wildchat_0098,human_ai,12,0.0,226,0.0019
conv_human_ai_wildchat_0098,human_ai,13,0.0,9,0.0
conv_human_ai_wildchat_0098,human_ai,14,0.0,254,0.0
conv_human_ai_wildchat_0098,human_ai,15,0.0,10,0.25
conv_human_ai_wildchat_0098,human_ai,16,0.0,405,0.0382
conv_human_ai_wildchat_0099,human_ai,2,0.4566,438,0.0
conv_human_ai_wildchat_0099,human_ai,3,0.0,18,0.0
conv_human_ai_wildchat_0099,human_ai,4,0.2364,423,0.0484
conv_human_ai_wildchat_0099,human_ai,5,0.0,3,0.0
conv_human_ai_wildchat_0099,human_ai,6,0.0,465,0.0172
conv_human_ai_wildchat_0099,human_ai,7,0.0,11,0.0
conv_human_ai_wildchat_0099,human_ai,8,0.2079,481,0.0163
conv_human_ai_wildchat_0100,human_ai,2,0.0,19,0.0
conv_human_ai_wildchat_0100,human_ai,3,1.4925,67,0.0
conv_human_ai_wildchat_0100,human_ai,4,0.0,324,0.0
conv_human_ai_wildchat_0100,human_ai,5,0.0,12,0.0
conv_human_ai_wildchat_0100,human_ai,6,0.5952,336,0.0143
conv_human_ai_wildchat_0100,human_ai,7,0.0,7,0.0
conv_human_ai_wildchat_0100,human_ai,8,1.1173,358,0.009
conv_human_ai_wildchat_0101,human_ai,2,1.0417,96,0.0
conv_human_ai_wildchat_0101,human_ai,3,0.0,62,0.0
conv_human_ai_wildchat_0101,human_ai,4,0.0,217,0.0
conv_human_ai_wildchat_0101,human_ai,5,1.8868,53,0.0
conv_human_ai_wildchat_0101,human_ai,6,0.0,146,0.0433
conv_human_ai_wildchat_0101,human_ai,7,0.0,39,0.0357
conv_human_ai_wildchat_0101,human_ai,8,0.0,293,0.0798
conv_human_ai_wildchat_0101,human_ai,9,0.0,24,0.0
conv_human_ai_wildchat_0101,human_ai,10,0.0,202,0.1827
conv_human_ai_wildchat_0101,human_ai,11,0.0,139,0.0
conv_human_ai_wildchat_0101,human_ai,12,0.0,274,0.4423
conv_human_ai_wildchat_0101,human_ai,13,0.0,44,0.0
conv_human_ai_wildchat_0101,human_ai,14,0.0,182,0.0419
conv_human_ai_wildchat_0101,human_ai,15,0.0,13,0.1522
conv_human_ai_wildchat_0101,human_ai,16,0.0,134,0.1137
conv_human_ai_wildchat_0101,human_ai,17,0.0,17,0.1818
conv_human_ai_wildchat_0101,human_ai,18,0.6098,164,0.0769
conv_human_ai_wildchat_0101,human_ai,19,0.0,8,0.0
conv_human_ai_wildchat_0101,human_ai,20,0.5181,193,0.0854
conv_human_ai_wildchat_0102,human_ai,2,0.0,286,0.0
conv_human_ai_wildchat_0102,human_ai,3,0.0,12,0.0
conv_human_ai_wildchat_0102,human_ai,4,0.0,307,0.5516
conv_human_ai_wildchat_0102,human_ai,5,0.0,183,0.0
conv_human_ai_wildchat_0102,human_ai,6,0.4608,217,0.0043
conv_human_ai_wildchat_0102,human_ai,7,0.0,1765,0.0096
conv_human_ai_wildchat_0102,human_ai,8,0.0,366,0.0139
conv_human_ai_wildchat_0102,human_ai,9,0.0,169,0.0097
conv_human_ai_wildchat_0102,human_ai,10,0.5376,186,0.3603
conv_human_ai_wildchat_0103,human_ai,2,0.0,185,0.0
conv_human_ai_wildchat_0103,human_ai,3,0.0,13,0.0
conv_human_ai_wildchat_0103,human_ai,4,0.0,260,0.0376
conv_human_ai_wildchat_0103,human_ai,5,0.0,19,0.0
conv_human_ai_wildchat_0103,human_ai,6,2.1739,184,0.0317
conv_human_ai_wildchat_0103,human_ai,7,0.0,12,0.0
conv_human_ai_wildchat_0103,human_ai,8,0.0,227,0.0639
conv_human_ai_wildchat_0103,human_ai,9,8.3333,12,0.0
conv_human_ai_wildchat_0103,human_ai,10,0.4902,204,0.0077
conv_human_ai_wildchat_0104,human_ai,2,0.0,209,0.0
conv_human_ai_wildchat_0104,human_ai,3,10.0,10,0.0
conv_human_ai_wildchat_0104,human_ai,4,0.0,314,0.0143
conv_human_ai_wildchat_0104,human_ai,5,0.0,16,0.0
conv_human_ai_wildchat_0104,human_ai,6,0.0,190,0.0042
conv_human_ai_wildchat_0104,human_ai,7,0.0,21,0.0
conv_human_ai_wildchat_0104,human_ai,8,0.2907,344,0.006
conv_human_ai_wildchat_0105,human_ai,2,0.0,273,0.0
conv_human_ai_wildchat_0105,human_ai,3,0.0,32,0.0
conv_human_ai_wildchat_0105,human_ai,4,0.0,264,0.0701
conv_human_ai_wildchat_0105,human_ai,5,0.0,31,0.7353
conv_human_ai_wildchat_0105,human_ai,6,0.0,322,0.1136
conv_human_ai_wildchat_0105,human_ai,7,0.0,31,0.4872
conv_human_ai_wildchat_0105,human_ai,8,0.0,362,0.1295
conv_human_ai_wildchat_0105,human_ai,9,5.2632,19,0.0
conv_human_ai_wildchat_0105,human_ai,10,0.0,114,0.0206
conv_human_ai_wildchat_0105,human_ai,11,0.0,13,0.0
conv_human_ai_wildchat_0105,human_ai,12,0.0,142,0.1053
conv_human_ai_wildchat_0105,human_ai,13,0.0,5,0.0
conv_human_ai_wildchat_0105,human_ai,14,0.0,7,0.0
conv_human_ai_wildchat_0106,human_ai,2,0.0,97,0.0
conv_human_ai_wildchat_0106,human_ai,3,0.0,5,0.0
conv_human_ai_wildchat_0106,human_ai,4,0.0,177,0.0115
conv_human_ai_wildchat_0106,human_ai,5,0.0,9,0.0
conv_human_ai_wildchat_0106,human_ai,6,0.0,208,0.0326
conv_human_ai_wildchat_0106,human_ai,7,0.0,94,0.0
conv_human_ai_wildchat_0106,human_ai,8,0.0,88,0.0311
conv_human_ai_wildchat_0106,human_ai,9,0.0,96,0.0337
conv_human_ai_wildchat_0106,human_ai,10,0.0,81,0.1014
conv_human_ai_wildchat_0106,human_ai,11,0.0,60,0.0069
conv_human_ai_wildchat_0106,human_ai,12,0.0,55,0.0078
conv_human_ai_wildchat_0106,human_ai,13,0.0,4,0.0
conv_human_ai_wildchat_0106,human_ai,14,0.0,129,0.0
conv_human_ai_wildchat_0106,human_ai,15,0.0,4,0.0
conv_human_ai_wildchat_0106,human_ai,16,0.0,144,0.1187
conv_human_ai_wildchat_0106,human_ai,17,0.0,4,0.0
conv_human_ai_wildchat_0106,human_ai,18,1.4085,142,0.0304
conv_human_ai_wildchat_0106,human_ai,19,0.0,5,0.0
conv_human_ai_wildchat_0106,human_ai,20,0.0,132,0.0426
conv_human_ai_wildchat_0107,human_ai,2,0.9709,103,0.0
conv_human_ai_wildchat_0107,human_ai,3,0.0,23,0.0
conv_human_ai_wildchat_0107,human_ai,4,0.0,74,0.0311
conv_human_ai_wildchat_0107,human_ai,5,0.0,5,0.0
conv_human_ai_wildchat_0107,human_ai,6,0.0,157,0.0134
conv_human_ai_wildchat_0107,human_ai,7,0.0,193,0.0
conv_human_ai_wildchat_0107,human_ai,8,0.0,399,0.0179
conv_human_ai_wildchat_0107,human_ai,9,0.0,9,0.0
conv_human_ai_wildchat_0107,human_ai,10,0.3534,283,0.3548
conv_human_ai_wildchat_0108,human_ai,2,0.0,491,0.0
conv_human_ai_wildchat_0108,human_ai,3,0.0,35,0.0
conv_human_ai_wildchat_0108,human_ai,4,0.0,331,0.0102
conv_human_ai_wildchat_0108,human_ai,5,0.0,70,0.0978
conv_human_ai_wildchat_0108,human_ai,6,0.0,477,0.0092
conv_human_ai_wildchat_0108,human_ai,7,0.0,30,0.0909
conv_human_ai_wildchat_0108,human_ai,8,0.0,304,0.0177
conv_human_ai_wildchat_0108,human_ai,9,0.0,113,0.0075
conv_human_ai_wildchat_0108,human_ai,10,0.0,149,0.0023
conv_human_ai_wildchat_0109,human_ai,2,0.0,14,0.0
conv_human_ai_wildchat_0109,human_ai,3,0.0,647,0.0
conv_human_ai_wildchat_0109,human_ai,4,0.0,307,0.0
conv_human_ai_wildchat_0109,human_ai,5,0.0,35,0.0021
conv_human_ai_wildchat_0109,human_ai,6,0.0,295,0.9725
conv_human_ai_wildchat_0109,human_ai,7,0.0,34,0.9697
conv_human_ai_wildchat_0109,human_ai,8,0.0,295,1.0
conv_human_ai_wildchat_0109,human_ai,9,0.0,35,0.9697
conv_human_ai_wildchat_0109,human_ai,10,0.0,295,1.0
conv_human_ai_wildchat_0110,human_ai,2,0.0,493,0.0
conv_human_ai_wildchat_0110,human_ai,3,0.0,15,0.0
conv_human_ai_wildchat_0110,human_ai,4,0.0,555,0.0358
conv_human_ai_wildchat_0110,human_ai,5,0.0,3,0.0
conv_human_ai_wildchat_0110,human_ai,6,2.7778,36,0.0
conv_human_ai_wildchat_0110,human_ai,7,0.0,62,0.0
conv_human_ai_wildchat_0110,human_ai,8,0.0,441,0.0
conv_human_ai_wildchat_0110,human_ai,9,0.0,42,0.0889
conv_human_ai_wildchat_0110,human_ai,10,0.0,321,0.1185
conv_human_ai_wildchat_0110,human_ai,11,0.0,35,0.2373
conv_human_ai_wildchat_0110,human_ai,12,0.0,284,0.2747
conv_human_ai_wildchat_0111,human_ai,2,0.0,129,0.0
conv_human_ai_wildchat_0111,human_ai,3,0.0,9,0.0
conv_human_ai_wildchat_0111,human_ai,4,0.0,107,0.0274
conv_human_ai_wildchat_0111,human_ai,5,0.0,6,0.0
conv_human_ai_wildchat_0111,human_ai,6,1.1719,256,0.026
conv_human_ai_wildchat_0111,human_ai,7,0.1783,561,0.0
conv_human_ai_wildchat_0111,human_ai,8,0.8299,241,0.0146
conv_human_ai_wildchat_0111,human_ai,9,0.0,4,0.0
conv_human_ai_wildchat_0111,human_ai,10,0.3425,292,0.0155
conv_human_ai_wildchat_0112,human_ai,2,0.0,8,0.0
conv_human_ai_wildchat_0112,human_ai,3,0.0,67,0.0
conv_human_ai_wildchat_0112,human_ai,4,0.0,11,0.0
conv_human_ai_wildchat_0112,human_ai,5,0.0,67,1.0
conv_human_ai_wildchat_0112,human_ai,6,0.0,13,0.5385
conv_human_ai_wildchat_0112,human_ai,7,0.0,67,1.0
conv_human_ai_wildchat_0112,human_ai,8,0.0,13,1.0
conv_human_ai_wildchat_0113,human_ai,2,0.3891,257,0.0
conv_human_ai_wildchat_0113,human_ai,3,0.0,9,0.0
conv_human_ai_wildchat_0113,human_ai,4,0.3215,311,0.1279
conv_human_ai_wildchat_0113,human_ai,5,0.0,13,0.125
conv_human_ai_wildchat_0113,human_ai,6,0.2865,349,0.2255
conv_human_ai_wildchat_0113,human_ai,7,0.0,19,0.0769
conv_human_ai_wildchat_0113,human_ai,8,0.2994,334,0.3526
conv_human_ai_wildchat_0113,human_ai,9,0.0,15,0.0
conv_human_ai_wildchat_0113,human_ai,10,0.0,329,0.0016
conv_human_ai_wildchat_0114,human_ai,2,0.0,101,0.0
conv_human_ai_wildchat_0114,human_ai,3,0.0,4,0.0
conv_human_ai_wildchat_0114,human_ai,4,1.7391,115,0.0469
conv_human_ai_wildchat_0114,human_ai,5,0.0,7,0.0
conv_human_ai_wildchat_0114,human_ai,6,1.3245,151,0.004
conv_human_ai_wildchat_0114,human_ai,7,0.0,32,0.0
conv_human_ai_wildchat_0114,human_ai,8,0.0,144,0.0627
conv_human_ai_wildchat_0115,human_ai,2,0.0,74,0.0
conv_human_ai_wildchat_0115,human_ai,3,0.0,12,0.0
conv_human_ai_wildchat_0115,human_ai,4,0.0,77,0.1395
conv_human_ai_wildchat_0115,human_ai,5,0.0,4,0.0
conv_human_ai_wildchat_0115,human_ai,6,0.0,10,0.0
conv_human_ai_wildchat_0115,human_ai,7,0.0,7,0.0
conv_human_ai_wildchat_0115,human_ai,8,0.0,68,0.0
conv_human_ai_wildchat_0115,human_ai,9,0.0,5,0.0
conv_human_ai_wildchat_0115,human_ai,10,0.0,101,0.0
conv_human_ai_wildchat_0116,human_ai,2,0.2899,345,0.0
conv_human_ai_wildchat_0116,human_ai,3,0.0,12,0.0
conv_human_ai_wildchat_0116,human_ai,4,0.2841,352,0.0544
conv_human_ai_wildchat_0116,human_ai,5,0.0,12,0.0
conv_human_ai_wildchat_0116,human_ai,6,0.5495,546,0.0137
conv_human_ai_wildchat_0116,human_ai,7,0.0,19,0.0
conv_human_ai_wildchat_0116,human_ai,8,0.0,455,0.0033
conv_human_ai_wildchat_0116,human_ai,9,0.0,16,0.0
conv_human_ai_wildchat_0116,human_ai,10,0.2532,395,0.0025
conv_human_ai_wildchat_0116,human_ai,11,0.0,14,0.04
conv_human_ai_wildchat_0116,human_ai,12,0.0,371,0.0083
conv_human_ai_wildchat_0116,human_ai,13,0.0,14,0.6
conv_human_ai_wildchat_0116,human_ai,14,0.0,380,0.0212
conv_human_ai_wildchat_0116,human_ai,15,0.0,27,0.0
conv_human_ai_wildchat_0116,human_ai,16,0.0,363,0.0116
conv_human_ai_wildchat_0117,human_ai,2,0.0,137,0.0
conv_human_ai_wildchat_0117,human_ai,3,0.0,20,0.0
conv_human_ai_wildchat_0117,human_ai,4,3.0,200,0.0396
conv_human_ai_wildchat_0117,human_ai,5,0.0,15,0.0
conv_human_ai_wildchat_0117,human_ai,6,2.2099,181,0.0354
conv_human_ai_wildchat_0117,human_ai,7,0.0,31,0.0244
conv_human_ai_wildchat_0117,human_ai,8,1.3514,148,0.0447
conv_human_ai_wildchat_0117,human_ai,9,0.0,47,0.0137
conv_human_ai_wildchat_0117,human_ai,10,0.0,199,0.0061
conv_human_ai_wildchat_0117,human_ai,11,0.0,9,0.0
conv_human_ai_wildchat_0117,human_ai,12,0.0,131,0.0
conv_human_ai_wildchat_0117,human_ai,13,0.0,16,0.0
conv_human_ai_wildchat_0117,human_ai,14,0.0,241,0.0057
conv_human_ai_wildchat_0117,human_ai,15,0.0,27,0.0
conv_human_ai_wildchat_0117,human_ai,16,0.0,65,0.0
conv_human_ai_wildchat_0117,human_ai,17,0.0,29,0.0
conv_human_ai_wildchat_0117,human_ai,18,0.0,75,0.088
conv_human_ai_wildchat_0117,human_ai,19,0.0,34,0.0
conv_human_ai_wildchat_0117,human_ai,20,0.0,82,0.1007
conv_human_ai_wildchat_0118,human_ai,2,0.0,274,0.0
conv_human_ai_wildchat_0118,human_ai,3,0.0,12,0.0
conv_human_ai_wildchat_0118,human_ai,4,0.2899,345,0.0
conv_human_ai_wildchat_0118,human_ai,5,0.0,28,0.0
conv_human_ai_wildchat_0118,human_ai,6,0.0,260,0.0
conv_human_ai_wildchat_0118,human_ai,7,0.0,10,0.0
conv_human_ai_wildchat_0118,human_ai,8,0.0,289,0.0019
conv_human_ai_wildchat_0119,human_ai,2,0.0,191,0.0
conv_human_ai_wildchat_0119,human_ai,3,0.0,8,0.0
conv_human_ai_wildchat_0119,human_ai,4,0.0,221,0.0971
conv_human_ai_wildchat_0119,human_ai,5,0.0,7,0.1
conv_human_ai_wildchat_0119,human_ai,6,0.0,249,0.0472
conv_human_ai_wildchat_0119,human_ai,7,0.0,8,0.1
conv_human_ai_wildchat_0119,human_ai,8,0.0,273,0.0122
conv_human_ai_wildchat_0119,human_ai,9,0.0,8,0.7143
conv_human_ai_wildchat_0119,human_ai,10,0.0,252,0.0529
conv_human_ai_wildchat_0119,human_ai,11,0.0,8,0.7143
conv_human_ai_wildchat_0119,human_ai,12,0.0,266,0.07
conv_human_ai_wildchat_0120,human_ai,2,0.0,363,0.0
conv_human_ai_wildchat_0120,human_ai,3,0.0,11,0.0
conv_human_ai_wildchat_0120,human_ai,4,0.0,264,0.0
conv_human_ai_wildchat_0120,human_ai,5,0.0,9,0.0
conv_human_ai_wildchat_0120,human_ai,6,0.0,228,0.0154
conv_human_ai_wildchat_0120,human_ai,7,0.0,372,0.0
conv_human_ai_wildchat_0120,human_ai,8,0.0,269,0.0
conv_human_ai_wildchat_0120,human_ai,9,0.0,11,0.0
conv_human_ai_wildchat_0120,human_ai,10,0.0,226,0.5639
conv_human_ai_wildchat_0120,human_ai,11,0.0,35,0.0
conv_human_ai_wildchat_0120,human_ai,12,0.0,174,0.0
conv_human_ai_wildchat_0120,human_ai,13,0.0,5,0.0
conv_human_ai_wildchat_0120,human_ai,14,0.0,190,0.4028
conv_human_ai_wildchat_0121,human_ai,2,0.0,155,0.0
conv_human_ai_wildchat_0121,human_ai,3,0.0,3,0.0
conv_human_ai_wildchat_0121,human_ai,4,0.0,247,0.022
conv_human_ai_wildchat_0121,human_ai,5,0.0,14,0.0
conv_human_ai_wildchat_0121,human_ai,6,0.0,245,0.0133
conv_human_ai_wildchat_0121,human_ai,7,0.0,6,0.0
conv_human_ai_wildchat_0121,human_ai,8,0.0,223,0.0024
conv_human_ai_wildchat_0121,human_ai,9,0.0,53,0.0
conv_human_ai_wildchat_0121,human_ai,10,0.0,149,0.0
conv_human_ai_wildchat_0121,human_ai,11,0.0,46,0.0244
conv_human_ai_wildchat_0121,human_ai,12,0.0,50,0.0063
conv_human_ai_wildchat_0121,human_ai,13,0.0,46,0.0617
conv_human_ai_wildchat_0121,human_ai,14,0.0,146,0.1079
conv_human_ai_wildchat_0121,human_ai,15,0.0,36,0.04
conv_human_ai_wildchat_0121,human_ai,16,0.0,159,0.0726
conv_human_ai_wildchat_0121,human_ai,17,0.0,95,0.0084
conv_human_ai_wildchat_0121,human_ai,18,0.0,229,0.0308
conv_human_ai_wildchat_0121,human_ai,19,0.0,48,0.0154
conv_human_ai_wildchat_0121,human_ai,20,0.0,162,0.069
conv_human_ai_wildchat_0122,human_ai,2,0.0,39,0.0
conv_human_ai_wildchat_0122,human_ai,3,0.0,155,0.0
conv_human_ai_wildchat_0122,human_ai,4,0.4329,231,0.0
conv_human_ai_wildchat_0122,human_ai,5,0.0,197,0.5972
conv_human_ai_wildchat_0122,human_ai,6,0.0,279,0.3306
conv_human_ai_wildchat_0122,human_ai,7,0.0,118,0.0
conv_human_ai_wildchat_0122,human_ai,8,0.0,362,0.3616
conv_human_ai_wildchat_0122,human_ai,9,0.0,63,0.0
conv_human_ai_wildchat_0122,human_ai,10,0.0,276,0.0939
conv_human_ai_wildchat_0122,human_ai,11,0.0,40,0.0
conv_human_ai_wildchat_0122,human_ai,12,0.625,160,0.0931
conv_human_ai_wildchat_0122,human_ai,13,0.0,18,0.0
conv_human_ai_wildchat_0122,human_ai,14,0.0,241,0.1056
conv_human_ai_wildchat_0122,human_ai,15,0.0,200,0.0
conv_human_ai_wildchat_0122,human_ai,16,0.0,310,0.0497
conv_human_ai_wildchat_0122,human_ai,17,0.0,50,0.0
conv_human_ai_wildchat_0122,human_ai,18,0.0,278,0.1134
conv_human_ai_wildchat_0122,human_ai,19,0.0,128,0.0
conv_human_ai_wildchat_0122,human_ai,20,0.0,284,0.0039
conv_human_ai_wildchat_0123,human_ai,2,0.4525,221,0.0
conv_human_ai_wildchat_0123,human_ai,3,0.0,12,0.0
conv_human_ai_wildchat_0123,human_ai,4,0.0,112,0.0
conv_human_ai_wildchat_0123,human_ai,5,0.0,25,0.0
conv_human_ai_wildchat_0123,human_ai,6,0.0,288,0.0
conv_human_ai_wildchat_0123,human_ai,7,0.0,17,0.0
conv_human_ai_wildchat_0123,human_ai,8,0.5848,171,0.0
conv_human_ai_wildchat_0123,human_ai,9,0.0,1,0.0
conv_human_ai_wildchat_0123,human_ai,10,0.0,13,0.0
conv_human_ai_wildchat_0124,human_ai,2,0.0,2,0.0
conv_human_ai_wildchat_0124,human_ai,3,0.0,85,0.0
conv_human_ai_wildchat_0124,human_ai,4,0.0,24,0.0
conv_human_ai_wildchat_0124,human_ai,5,0.0,38,0.0114
conv_human_ai_wildchat_0124,human_ai,6,0.0,2,0.0
conv_human_ai_wildchat_0124,human_ai,7,0.0,28,0.0164
conv_human_ai_wildchat_0124,human_ai,8,0.0,3,0.0
conv_human_ai_wildchat_0124,human_ai,9,0.0,19,0.0
conv_human_ai_wildchat_0124,human_ai,10,0.0,1,0.0
conv_human_ai_wildchat_0124,human_ai,11,0.0,21,0.2
conv_human_ai_wildchat_0124,human_ai,12,0.0,18,0.0
conv_human_ai_wildchat_0124,human_ai,13,0.0,17,0.2143
conv_human_ai_wildchat_0124,human_ai,14,0.0,1,0.0
conv_human_ai_wildchat_0124,human_ai,15,0.0,17,0.25
conv_human_ai_wildchat_0124,human_ai,16,0.0,1,0.0
conv_human_ai_wildchat_0124,human_ai,17,0.0,22,0.0938
conv_human_ai_wildchat_0124,human_ai,18,0.0,1,0.0
conv_human_ai_wildchat_0124,human_ai,19,0.0,18,0.2857
conv_human_ai_wildchat_0124,human_ai,20,0.0,1,0.0
conv_human_ai_wildchat_0125,human_ai,2,0.0,416,0.0
conv_human_ai_wildchat_0125,human_ai,3,0.0,9,0.0
conv_human_ai_wildchat_0125,human_ai,4,0.0,224,0.0274
conv_human_ai_wildchat_0125,human_ai,5,0.0,15,0.0
conv_human_ai_wildchat_0125,human_ai,6,0.0,243,0.0
conv_human_ai_wildchat_0125,human_ai,7,0.0,8,0.0
conv_human_ai_wildchat_0125,human_ai,8,0.0,475,0.0015
conv_human_ai_wildchat_0126,human_ai,2,0.0,212,0.0
conv_human_ai_wildchat_0126,human_ai,3,0.0,21,0.0
conv_human_ai_wildchat_0126,human_ai,4,0.0,151,0.035
conv_human_ai_wildchat_0126,human_ai,5,0.0,98,0.0104
conv_human_ai_wildchat_0126,human_ai,6,0.0,267,0.0929
conv_human_ai_wildchat_0126,human_ai,7,0.0,76,0.7179
conv_human_ai_wildchat_0126,human_ai,8,0.0,270,0.9679
conv_human_ai_wildchat_0127,human_ai,2,0.0,76,0.0
conv_human_ai_wildchat_0127,human_ai,3,0.0,15,0.0
conv_human_ai_wildchat_0127,human_ai,4,0.0,158,0.0
conv_human_ai_wildchat_0127,human_ai,5,0.0,8,0.0
conv_human_ai_wildchat_0127,human_ai,6,0.0,185,0.0127
conv_human_ai_wildchat_0127,human_ai,7,0.0,29,0.0
conv_human_ai_wildchat_0127,human_ai,8,0.5556,180,0.1601
conv_human_ai_wildchat_0127,human_ai,9,0.0,7,0.0
conv_human_ai_wildchat_0127,human_ai,10,0.0,105,0.1345
conv_human_ai_wildchat_0128,human_ai,2,0.0,94,0.0
conv_human_ai_wildchat_0128,human_ai,3,0.0,21,0.0
conv_human_ai_wildchat_0128,human_ai,4,0.0,140,0.2337
conv_human_ai_wildchat_0128,human_ai,5,0.0,21,0.3571
conv_human_ai_wildchat_0128,human_ai,6,0.0,128,0.1013
conv_human_ai_wildchat_0128,human_ai,7,0.0,67,0.0
conv_human_ai_wildchat_0128,human_ai,8,0.0,83,0.03
conv_human_ai_wildchat_0128,human_ai,9,0.0,78,0.0
conv_human_ai_wildchat_0128,human_ai,10,0.0,129,0.0
conv_human_ai_wildchat_0128,human_ai,11,0.0,80,0.925
conv_human_ai_wildchat_0128,human_ai,12,0.0,140,0.1972
conv_human_ai_wildchat_0128,human_ai,13,0.0,85,0.0455
conv_human_ai_wildchat_0128,human_ai,14,0.0,123,0.02
conv_human_ai_wildchat_0128,human_ai,15,0.0,47,0.0579
conv_human_ai_wildchat_0128,human_ai,16,0.0,138,0.012
conv_human_ai_wildchat_0128,human_ai,17,0.0,13,0.0566
conv_human_ai_wildchat_0128,human_ai,18,0.0,166,0.0069
conv_human_ai_wildchat_0128,human_ai,19,0.0,19,0.2174
conv_human_ai_wildchat_0128,human_ai,20,0.0,173,0.0219
conv_human_ai_wildchat_0129,human_ai,2,0.0,1,0.0
conv_human_ai_wildchat_0129,human_ai,3,0.0,81,0.0
conv_human_ai_wildchat_0129,human_ai,4,0.0,2,0.0
conv_human_ai_wildchat_0129,human_ai,5,0.0,129,0.0729
conv_human_ai_wildchat_0129,human_ai,6,0.0,2,0.0
conv_human_ai_wildchat_0129,human_ai,7,0.0,119,0.0041
conv_human_ai_wildchat_0129,human_ai,8,0.0,7,0.0
conv_human_ai_wildchat_0129,human_ai,9,0.0,141,0.0417
conv_human_ai_wildchat_0129,human_ai,10,0.0,5,0.0
conv_human_ai_wildchat_0130,human_ai,2,0.0,55,0.0
conv_human_ai_wildchat_0130,human_ai,3,0.0,101,0.0
conv_human_ai_wildchat_0130,human_ai,4,0.0,4,0.0
conv_human_ai_wildchat_0130,human_ai,5,0.0,113,0.0718
conv_human_ai_wildchat_0130,human_ai,6,0.0,2,0.0
conv_human_ai_wildchat_0130,human_ai,7,0.0,101,0.0718
conv_human_ai_wildchat_0130,human_ai,8,0.0,0,0.0
conv_human_ai_wildchat_0130,human_ai,9,0.0,79,0.087
conv_human_ai_wildchat_0130,human_ai,10,0.0,0,0.0
conv_human_ai_wildchat_0130,human_ai,11,0.0,90,0.0061
conv_human_ai_wildchat_0130,human_ai,12,0.0,2,0.0
conv_human_ai_wildchat_0130,human_ai,13,0.0,124,0.0553
conv_human_ai_wildchat_0130,human_ai,14,0.0,8,0.0
conv_human_ai_wildchat_0130,human_ai,15,0.0,106,0.0465
conv_human_ai_wildchat_0130,human_ai,16,0.0,7,0.0
conv_human_ai_wildchat_0131,human_ai,2,0.0,14,0.0
conv_human_ai_wildchat_0131,human_ai,3,0.0,16,0.0
conv_human_ai_wildchat_0131,human_ai,4,0.0,328,0.0
conv_human_ai_wildchat_0131,human_ai,5,0.0,11,0.0
conv_human_ai_wildchat_0131,human_ai,6,0.692,289,0.0281
conv_human_ai_wildchat_0131,human_ai,7,0.0,146,0.0
conv_human_ai_wildchat_0131,human_ai,8,0.0,459,0.0074
conv_human_ai_wildchat_0131,human_ai,9,0.0425,2353,0.0058
conv_human_ai_wildchat_0131,human_ai,10,0.0,566,0.0576
conv_human_ai_wildchat_0131,human_ai,11,0.0,12,0.0
conv_human_ai_wildchat_0131,human_ai,12,0.8969,223,0.0
conv_human_ai_wildchat_0131,human_ai,13,0.0,13,0.0
conv_human_ai_wildchat_0131,human_ai,14,0.0,689,0.0
conv_human_ai_wildchat_0132,human_ai,2,0.0,33,0.0
conv_human_ai_wildchat_0132,human_ai,3,0.0,43,0.0
conv_human_ai_wildchat_0132,human_ai,4,0.0,105,0.0
conv_human_ai_wildchat_0132,human_ai,5,0.0,8,0.0
conv_human_ai_wildchat_0132,human_ai,6,0.0,48,0.0
conv_human_ai_wildchat_0132,human_ai,7,0.0,6,0.0
conv_human_ai_wildchat_0132,human_ai,8,0.0,51,0.044
conv_human_ai_wildchat_0132,human_ai,9,0.0,6,0.1429
conv_human_ai_wildchat_0132,human_ai,10,0.0,59,0.0095
conv_human_ai_wildchat_0133,human_ai,2,0.0,163,0.0
conv_human_ai_wildchat_0133,human_ai,3,0.0,7,0.0
conv_human_ai_wildchat_0133,human_ai,4,0.0,229,0.094
conv_human_ai_wildchat_0133,human_ai,5,0.0,10,0.0833
conv_human_ai_wildchat_0133,human_ai,6,0.0,268,0.0963
conv_human_ai_wildchat_0133,human_ai,7,0.0,7,0.0
conv_human_ai_wildchat_0133,human_ai,8,0.0,198,0.0391
conv_human_ai_wildchat_0133,human_ai,9,0.0,6,0.0
conv_human_ai_wildchat_0133,human_ai,10,0.0,176,0.0057
conv_human_ai_wildchat_0134,human_ai,2,0.0,41,0.0
conv_human_ai_wildchat_0134,human_ai,3,0.0,8,0.0
conv_human_ai_wildchat_0134,human_ai,4,0.0,206,0.0
conv_human_ai_wildchat_0134,human_ai,5,0.0,10,0.0
conv_human_ai_wildchat_0134,human_ai,6,0.0,84,0.0
conv_human_ai_wildchat_0134,human_ai,7,5.5556,18,0.0
conv_human_ai_wildchat_0134,human_ai,8,0.0,97,0.0058
conv_human_ai_wildchat_0134,human_ai,9,0.0,8,0.0
conv_human_ai_wildchat_0134,human_ai,10,0.0,83,0.2044
conv_human_ai_wildchat_0134,human_ai,11,0.0,16,0.0
conv_human_ai_wildchat_0134,human_ai,12,0.0,98,0.0
conv_human_ai_wildchat_0134,human_ai,13,0.0,56,0.0462
conv_human_ai_wildchat_0134,human_ai,14,0.0,92,0.097
conv_human_ai_wildchat_0135,human_ai,2,0.0,20,0.0
conv_human_ai_wildchat_0135,human_ai,3,0.0,2,0.0
conv_human_ai_wildchat_0135,human_ai,4,0.0,7,0.0
conv_human_ai_wildchat_0135,human_ai,5,0.0,2,0.0
conv_human_ai_wildchat_0135,human_ai,6,0.0,87,0.0
conv_human_ai_wildchat_0135,human_ai,7,0.0,5,0.0
conv_human_ai_wildchat_0135,human_ai,8,0.0,60,0.0072
conv_human_ai_wildchat_0135,human_ai,9,0.0,6,0.0
conv_human_ai_wildchat_0135,human_ai,10,1.3889,72,0.0492
conv_human_ai_wildchat_0135,human_ai,11,0.0,5,0.0
conv_human_ai_wildchat_0135,human_ai,12,0.0,65,0.0
conv_human_ai_wildchat_0135,human_ai,13,0.0,5,0.0
conv_human_ai_wildchat_0135,human_ai,14,0.0,68,0.0157
conv_human_ai_wildchat_0135,human_ai,15,0.0,4,0.0
conv_human_ai_wildchat_0135,human_ai,16,0.0,66,0.0
conv_human_ai_wildchat_0135,human_ai,17,0.0,6,0.0
conv_human_ai_wildchat_0135,human_ai,18,0.0,134,0.0052
conv_human_ai_wildchat_0135,human_ai,19,0.0,8,0.0
conv_human_ai_wildchat_0135,human_ai,20,0.0,134,0.0
conv_human_ai_wildchat_0135,human_ai,21,0.0,7,0.0
conv_human_ai_wildchat_0136,human_ai,2,0.0,534,0.0
conv_human_ai_wildchat_0136,human_ai,3,0.0,498,0.0
conv_human_ai_wildchat_0136,human_ai,4,0.0,206,0.0086
conv_human_ai_wildchat_0136,human_ai,5,0.0,6,0.0
conv_human_ai_wildchat_0136,human_ai,6,0.0,377,0.3529
conv_human_ai_wildchat_0136,human_ai,7,0.0,5,0.0
conv_human_ai_wildchat_0136,human_ai,8,0.0,411,0.0199
conv_human_ai_wildchat_0136,human_ai,9,0.0,10,0.0
conv_human_ai_wildchat_0136,human_ai,10,0.0,374,0.0263
conv_human_ai_wildchat_0137,human_ai,2,0.0,83,0.0
conv_human_ai_wildchat_0137,human_ai,3,1.3333,75,0.0
conv_human_ai_wildchat_0137,human_ai,4,0.0,19,0.0426
conv_human_ai_wildchat_0137,human_ai,5,0.0,83,0.0
conv_human_ai_wildchat_0137,human_ai,6,0.0,12,0.0
conv_human_ai_wildchat_0137,human_ai,7,0.0,2,0.0
conv_human_ai_wildchat_0137,human_ai,8,0.0,46,0.0
conv_human_ai_wildchat_0137,human_ai,9,0.0,41,0.0
conv_human_ai_wildchat_0137,human_ai,10,0.0,58,0.0
conv_human_ai_wildchat_0137,human_ai,11,0.0,7,0.0
conv_human_ai_wildchat_0137,human_ai,12,0.0,31,0.0
conv_human_ai_wildchat_0137,human_ai,13,0.0,5,0.0
conv_human_ai_wildchat_0137,human_ai,14,0.0,1,0.0
conv_human_ai_wildchat_0137,human_ai,15,0.0,1,0.0
conv_human_ai_wildchat_0137,human_ai,16,0.0,6,0.0
conv_human_ai_wildchat_0138,human_ai,2,0.0,7,0.0
conv_human_ai_wildchat_0138,human_ai,3,0.0,33,0.0
conv_human_ai_wildchat_0138,human_ai,4,0.0,497,0.0
conv_human_ai_wildchat_0138,human_ai,5,0.0,1,0.0
conv_human_ai_wildchat_0138,human_ai,6,0.0,503,0.003
conv_human_ai_wildchat_0138,human_ai,7,0.0,4,0.0
conv_human_ai_wildchat_0138,human_ai,8,0.0,504,0.001
conv_human_ai_wildchat_0138,human_ai,9,0.0,1,0.0
conv_human_ai_wildchat_0138,human_ai,10,0.0,524,0.007
conv_human_ai_wildchat_0138,human_ai,11,0.0,5,0.0
conv_human_ai_wildchat_0138,human_ai,12,0.0,24,0.0
conv_human_ai_wildchat_0139,human_ai,2,0.0,586,0.0
conv_human_ai_wildchat_0139,human_ai,3,0.0,15,0.0
conv_human_ai_wildchat_0139,human_ai,4,0.0,328,0.1476
conv_human_ai_wildchat_0139,human_ai,5,0.0,8,0.0
conv_human_ai_wildchat_0139,human_ai,6,0.0,488,0.1682
conv_human_ai_wildchat_0139,human_ai,7,0.0,19,0.0
conv_human_ai_wildchat_0139,human_ai,8,0.0,489,0.9772
conv_human_ai_wildchat_0139,human_ai,9,0.0,20,0.0294
conv_human_ai_wildchat_0139,human_ai,10,0.0,201,0.4141
conv_human_ai_wildchat_0140,human_ai,2,0.0,307,0.0
conv_human_ai_wildchat_0140,human_ai,3,0.0,11,0.0
conv_human_ai_wildchat_0140,human_ai,4,0.0,428,0.2
conv_human_ai_wildchat_0140,human_ai,6,0.0,11,0.0
conv_human_ai_wildchat_0140,human_ai,7,0.0,14,0.0
conv_human_ai_wildchat_0140,human_ai,8,0.0,394,0.0
conv_human_ai_wildchat_0140,human_ai,9,0.0,6,0.0
conv_human_ai_wildchat_0140,human_ai,10,0.0,331,0.44
conv_human_ai_wildchat_0140,human_ai,11,0.0,285,0.0
conv_human_ai_wildchat_0140,human_ai,12,0.0,128,0.1031
conv_human_ai_wildchat_0141,human_ai,2,0.0,194,0.0
conv_human_ai_wildchat_0141,human_ai,3,0.0,19,0.0
conv_human_ai_wildchat_0141,human_ai,4,0.0,407,0.0
conv_human_ai_wildchat_0141,human_ai,5,0.0,2,0.0
conv_human_ai_wildchat_0141,human_ai,6,0.0,338,0.0111
conv_human_ai_wildchat_0141,human_ai,7,0.0,14,0.0
conv_human_ai_wildchat_0141,human_ai,8,0.2309,433,0.0013
conv_human_ai_wildchat_0142,human_ai,2,0.0,7,0.0
conv_human_ai_wildchat_0142,human_ai,3,0.0,339,0.0
conv_human_ai_wildchat_0142,human_ai,4,0.0,72,0.0
conv_human_ai_wildchat_0142,human_ai,5,0.0,15,0.0
conv_human_ai_wildchat_0142,human_ai,6,0.0,7,0.0
conv_human_ai_wildchat_0142,human_ai,7,0.0,10,0.0
conv_human_ai_wildchat_0142,human_ai,8,0.0,80,0.0375
conv_human_ai_wildchat_0143,human_ai,2,0.0,40,0.0
conv_human_ai_wildchat_0143,human_ai,3,0.0,26,0.0
conv_human_ai_wildchat_0143,human_ai,4,0.0,36,0.0141
conv_human_ai_wildchat_0143,human_ai,5,0.0,5,0.0
conv_human_ai_wildchat_0143,human_ai,6,0.0,82,0.2667
conv_human_ai_wildchat_0143,human_ai,7,0.0,13,0.0
conv_human_ai_wildchat_0143,human_ai,8,0.0,88,0.1528
conv_human_ai_wildchat_0144,human_ai,2,0.0,201,0.0
conv_human_ai_wildchat_0144,human_ai,3,0.0,28,0.0
conv_human_ai_wildchat_0144,human_ai,4,0.0,127,0.2063
conv_human_ai_wildchat_0144,human_ai,5,0.0,36,0.3333
conv_human_ai_wildchat_0144,human_ai,6,0.0,131,0.8806
conv_human_ai_wildchat_0144,human_ai,7,0.0,36,0.7
conv_human_ai_wildchat_0144,human_ai,8,0.0,127,0.7801
conv_human_ai_wildchat_0145,human_ai,2,0.0,362,0.0
conv_human_ai_wildchat_0145,human_ai,3,0.0,13,0.0
conv_human_ai_wildchat_0145,human_ai,4,0.0,123,0.0295
conv_human_ai_wildchat_0145,human_ai,5,0.0,20,0.0
conv_human_ai_wildchat_0145,human_ai,6,0.0,220,0.0947
conv_human_ai_wildchat_0145,human_ai,7,0.0,40,0.0
conv_human_ai_wildchat_0145,human_ai,8,0.0,169,0.0196
conv_human_ai_wildchat_0145,human_ai,9,0.0,25,0.0167
conv_human_ai_wildchat_0145,human_ai,10,0.0,263,0.0207
conv_human_ai_wildchat_0145,human_ai,11,0.0,19,0.0526
conv_human_ai_wildchat_0145,human_ai,12,0.0,206,0.1147
conv_human_ai_wildchat_0145,human_ai,13,0.0,25,0.0
conv_human_ai_wildchat_0145,human_ai,14,0.0,244,0.0203
conv_human_ai_wildchat_0145,human_ai,15,0.0,12,0.0
conv_human_ai_wildchat_0145,human_ai,16,0.0,263,0.0199
conv_human_ai_wildchat_0145,human_ai,17,0.0,11,0.4615
conv_human_ai_wildchat_0145,human_ai,18,0.0,370,0.1139
conv_human_ai_wildchat_0146,human_ai,2,2.0833,48,0.0
conv_human_ai_wildchat_0146,human_ai,3,0.0,13,0.0
conv_human_ai_wildchat_0146,human_ai,4,0.0,118,0.0318
conv_human_ai_wildchat_0146,human_ai,5,0.0,1,0.0
conv_human_ai_wildchat_0146,human_ai,6,0.0,58,0.0818
conv_human_ai_wildchat_0146,human_ai,7,0.0,123,0.0
conv_human_ai_wildchat_0146,human_ai,8,0.0,90,0.1429
conv_human_ai_wildchat_0147,human_ai,2,0.0,374,0.0
conv_human_ai_wildchat_0147,human_ai,3,0.0,11,0.0
conv_human_ai_wildchat_0147,human_ai,4,0.0,108,0.0064
conv_human_ai_wildchat_0147,human_ai,5,0.0,5,0.0
conv_human_ai_wildchat_0147,human_ai,6,0.0,103,0.02
conv_human_ai_wildchat_0147,human_ai,7,0.0,11,0.0
conv_human_ai_wildchat_0147,human_ai,8,0.0,336,0.0047
conv_human_ai_wildchat_0147,human_ai,9,0.0,11,0.6364
conv_human_ai_wildchat_0147,human_ai,10,0.0,395,0.047
conv_human_ai_wildchat_0147,human_ai,11,0.0,11,0.125
conv_human_ai_wildchat_0147,human_ai,12,0.0,108,0.0
conv_human_ai_wildchat_0147,human_ai,13,0.0,17,0.0
conv_human_ai_wildchat_0147,human_ai,14,0.0,379,0.0
conv_human_ai_wildchat_0147,human_ai,15,0.0,19,0.6842
conv_human_ai_wildchat_0147,human_ai,16,0.2427,412,0.0196
conv_human_ai_wildchat_0148,human_ai,2,0.6711,149,0.0
conv_human_ai_wildchat_0148,human_ai,3,0.0,8,0.0
conv_human_ai_wildchat_0148,human_ai,4,1.2346,81,0.0842
conv_human_ai_wildchat_0148,human_ai,5,0.0,5,0.0
conv_human_ai_wildchat_0148,human_ai,6,0.0,45,0.0345
conv_human_ai_wildchat_0148,human_ai,7,0.0,4,0.0
conv_human_ai_wildchat_0148,human_ai,8,0.0,40,0.0
conv_human_ai_wildchat_0148,human_ai,9,0.0,4,1.0
conv_human_ai_wildchat_0148,human_ai,10,1.2821,78,0.0
conv_human_ai_wildchat_0149,human_ai,2,0.6329,316,0.0
conv_human_ai_wildchat_0149,human_ai,3,0.0,7,0.0
conv_human_ai_wildchat_0149,human_ai,4,0.0,31,0.0032
conv_human_ai_wildchat_0149,human_ai,5,0.0,310,0.0
conv_human_ai_wildchat_0149,human_ai,6,0.0,323,0.0
conv_human_ai_wildchat_0149,human_ai,7,0.0,8,0.0033
conv_human_ai_wildchat_0149,human_ai,8,0.885,339,0.0064
conv_human_ai_wildchat_0149,human_ai,9,0.0,331,0.019
conv_human_ai_wildchat_0149,human_ai,10,0.0,81,0.0972
conv_human_ai_wildchat_0150,human_ai,2,0.0,185,0.0
conv_human_ai_wildchat_0150,human_ai,3,0.0,20,0.0
conv_human_ai_wildchat_0150,human_ai,4,0.0,199,0.0479
conv_human_ai_wildchat_0150,human_ai,5,4.1667,24,0.0
conv_human_ai_wildchat_0150,human_ai,6,0.0,223,0.1332
conv_human_ai_wildchat_0150,human_ai,7,0.0,20,0.0
conv_human_ai_wildchat_0150,human_ai,8,0.0,579,0.0542
conv_human_ai_wildchat_0150,human_ai,9,0.0,12,0.0
conv_human_ai_wildchat_0150,human_ai,10,0.0,602,0.0557
conv_human_ai_wildchat_0150,human_ai,11,0.0,12,0.0
conv_human_ai_wildchat_0150,human_ai,12,0.1433,698,0.0563
conv_human_ai_wildchat_0150,human_ai,13,0.0,18,0.0
conv_human_ai_wildchat_0150,human_ai,14,0.0,554,0.0562
conv_human_ai_wildchat_0151,human_ai,2,0.0,242,0.0
conv_human_ai_wildchat_0151,human_ai,3,0.0,29,0.0
conv_human_ai_wildchat_0151,human_ai,4,0.0,310,0.0233
conv_human_ai_wildchat_0151,human_ai,5,0.0,14,0.0
conv_human_ai_wildchat_0151,human_ai,6,0.0,332,0.0465
conv_human_ai_wildchat_0151,human_ai,7,0.0,22,0.1034
conv_human_ai_wildchat_0151,human_ai,8,0.0,370,0.02
conv_human_ai_wildchat_0151,human_ai,9,0.0,8,0.0
conv_human_ai_wildchat_0151,human_ai,10,0.0,350,0.0478
conv_human_ai_wildchat_0151,human_ai,11,0.0,13,0.0
conv_human_ai_wildchat_0151,human_ai,12,0.0,416,0.0113
conv_human_ai_wildchat_0152,human_ai,2,0.0,51,0.0
conv_human_ai_wildchat_0152,human_ai,3,0.0,15,0.0
conv_human_ai_wildchat_0152,human_ai,4,0.0,53,0.0989
conv_human_ai_wildchat_0152,human_ai,5,0.0,25,0.5909
conv_human_ai_wildchat_0152,human_ai,6,0.0,96,0.0373
conv_human_ai_wildchat_0152,human_ai,7,0.0,7,0.0
conv_human_ai_wildchat_0152,human_ai,8,0.0,101,0.0958
conv_human_ai_wildchat_0152,human_ai,9,0.0,22,0.0
conv_human_ai_wildchat_0152,human_ai,10,0.6024,166,0.0121
conv_human_ai_wildchat_0153,human_ai,2,0.0,85,0.0
conv_human_ai_wildchat_0153,human_ai,3,0.0,556,0.0
conv_human_ai_wildchat_0153,human_ai,4,0.0,104,0.0312
conv_human_ai_wildchat_0153,human_ai,5,0.0,15,0.0
conv_human_ai_wildchat_0153,human_ai,6,0.0,605,0.1133
conv_human_ai_wildchat_0153,human_ai,7,0.0,12,0.0
conv_human_ai_wildchat_0153,human_ai,8,0.0,108,0.0278
conv_human_ai_wildchat_0153,human_ai,9,0.0,18,0.04
conv_human_ai_wildchat_0153,human_ai,10,0.0,162,0.0876
conv_human_ai_wildchat_0153,human_ai,11,0.0,15,0.0
conv_human_ai_wildchat_0153,human_ai,12,0.0,174,0.2771
conv_human_ai_wildchat_0154,human_ai,2,0.0,7,0.0
conv_human_ai_wildchat_0154,human_ai,3,0.0,49,0.0
conv_human_ai_wildchat_0154,human_ai,4,0.0,50,0.0
conv_human_ai_wildchat_0154,human_ai,5,0.0,49,1.0
conv_human_ai_wildchat_0154,human_ai,6,0.0,43,0.3134
conv_human_ai_wildchat_0154,human_ai,7,0.0,48,0.0
conv_human_ai_wildchat_0154,human_ai,8,0.0,166,0.0
conv_human_ai_wildchat_0155,human_ai,2,0.0,39,0.0
conv_human_ai_wildchat_0155,human_ai,3,0.0,39,0.0
conv_human_ai_wildchat_0155,human_ai,4,0.0,102,0.0187
conv_human_ai_wildchat_0155,human_ai,5,0.0,11,0.0
conv_human_ai_wildchat_0155,human_ai,6,1.2658,79,0.0131
conv_human_ai_wildchat_0155,human_ai,7,0.0,37,0.0
conv_human_ai_wildchat_0155,human_ai,8,0.0,123,0.0234
conv_human_ai_wildchat_0156,human_ai,2,0.0,26,0.0
conv_human_ai_wildchat_0156,human_ai,3,0.0,6,0.0
conv_human_ai_wildchat_0156,human_ai,4,0.0,106,0.1717
conv_human_ai_wildchat_0156,human_ai,5,0.0,8,0.0
conv_human_ai_wildchat_0156,human_ai,6,0.0,129,0.1053
conv_human_ai_wildchat_0156,human_ai,7,0.0,35,0.0
conv_human_ai_wildchat_0156,human_ai,8,0.0,73,0.0244
conv_human_ai_wildchat_0156,human_ai,9,0.0,27,0.0
conv_human_ai_wildchat_0156,human_ai,10,0.0,116,0.0
conv_human_ai_wildchat_0156,human_ai,11,0.0,20,0.0
conv_human_ai_wildchat_0156,human_ai,12,0.0,105,0.1987
conv_human_ai_wildchat_0156,human_ai,13,0.0,8,0.0
conv_human_ai_wildchat_0156,human_ai,14,0.0,103,0.1152
conv_human_ai_wildchat_0156,human_ai,15,0.0,27,0.0
conv_human_ai_wildchat_0156,human_ai,16,0.0,119,0.0928
conv_human_ai_wildchat_0156,human_ai,17,0.0,8,0.0
conv_human_ai_wildchat_0156,human_ai,18,0.0,172,0.0474
conv_human_ai_wildchat_0157,human_ai,2,1.1628,86,0.0
conv_human_ai_wildchat_0157,human_ai,3,0.0,33,0.0
conv_human_ai_wildchat_0157,human_ai,4,0.0,64,0.0075
conv_human_ai_wildchat_0157,human_ai,5,0.0,43,0.0286
conv_human_ai_wildchat_0157,human_ai,6,0.0,74,0.0
conv_human_ai_wildchat_0157,human_ai,7,0.0,124,0.0
conv_human_ai_wildchat_0157,human_ai,8,0.0,215,0.0149
conv_human_ai_wildchat_0157,human_ai,9,0.0,67,0.051
conv_human_ai_wildchat_0157,human_ai,10,0.0,203,0.0121
conv_human_ai_wildchat_0157,human_ai,11,0.0,26,0.023
conv_human_ai_wildchat_0157,human_ai,12,0.0,182,0.0493
conv_human_ai_wildchat_0157,human_ai,13,0.0,58,0.1594
conv_human_ai_wildchat_0157,human_ai,14,0.0,193,0.1298
conv_human_ai_wildchat_0157,human_ai,15,0.0,42,0.0795
conv_human_ai_wildchat_0157,human_ai,16,0.0,160,0.0143
conv_human_ai_wildchat_0158,human_ai,2,0.0,14,0.0
conv_human_ai_wildchat_0158,human_ai,3,0.0,18,0.0
conv_human_ai_wildchat_0158,human_ai,4,0.0,16,0.0
conv_human_ai_wildchat_0158,human_ai,5,0.0,3,0.0
conv_human_ai_wildchat_0158,human_ai,6,0.0,77,0.1125
conv_human_ai_wildchat_0158,human_ai,7,0.0,51,0.0
conv_human_ai_wildchat_0158,human_ai,8,0.0,77,0.0563
conv_human_ai_wildchat_0158,human_ai,9,0.0,8,0.0
conv_human_ai_wildchat_0158,human_ai,10,2.2222,45,0.0
conv_human_ai_wildchat_0158,human_ai,11,0.0,1,0.0
conv_human_ai_wildchat_0158,human_ai,12,0.0,57,0.1136
conv_human_ai_wildchat_0158,human_ai,13,0.0,1,0.0
conv_human_ai_wildchat_0158,human_ai,14,0.0,61,0.1414
conv_human_ai_wildchat_0159,human_ai,2,0.0,64,0.0
conv_human_ai_wildchat_0159,human_ai,3,0.0,32,0.0
conv_human_ai_wildchat_0159,human_ai,4,0.0,51,0.1122
conv_human_ai_wildchat_0159,human_ai,5,0.0,9,0.0
conv_human_ai_wildchat_0159,human_ai,6,0.0,92,0.0
conv_human_ai_wildchat_0159,human_ai,7,0.0,13,0.0
conv_human_ai_wildchat_0159,human_ai,8,1.1173,179,0.0083
conv_human_ai_wildchat_0159,human_ai,9,0.0,14,0.0
conv_human_ai_wildchat_0159,human_ai,10,0.641,156,0.0478
conv_human_ai_wildchat_0159,human_ai,11,0.0,26,0.0
conv_human_ai_wildchat_0159,human_ai,12,0.6135,163,0.0596
conv_human_ai_wildchat_0159,human_ai,13,0.0,26,0.0213
conv_human_ai_wildchat_0159,human_ai,14,0.8065,124,0.076
conv_human_ai_wildchat_0159,human_ai,15,0.0,3,0.0
conv_human_ai_wildchat_0159,human_ai,16,0.0,21,0.0
conv_human_ai_wildchat_0159,human_ai,17,0.0,12,0.0
conv_human_ai_wildchat_0159,human_ai,18,0.0,126,0.0
conv_human_ai_wildchat_0159,human_ai,19,0.0,12,0.0
conv_human_ai_wildchat_0159,human_ai,20,0.0,143,0.029
conv_human_ai_wildchat_0160,human_ai,2,0.0,25,0.0
conv_human_ai_wildchat_0160,human_ai,3,0.0,10,0.0
conv_human_ai_wildchat_0160,human_ai,4,3.4483,29,0.087
conv_human_ai_wildchat_0160,human_ai,5,0.0,9,0.5
conv_human_ai_wildchat_0160,human_ai,6,0.0,50,0.0
conv_human_ai_wildchat_0160,human_ai,7,0.0,10,0.5
conv_human_ai_wildchat_0160,human_ai,8,1.7241,58,0.2381
conv_human_ai_wildchat_0161,human_ai,2,0.0,60,0.0
conv_human_ai_wildchat_0161,human_ai,3,0.0,15,0.0
conv_human_ai_wildchat_0161,human_ai,4,0.9346,107,0.1556
conv_human_ai_wildchat_0161,human_ai,5,0.0,1,0.0
conv_human_ai_wildchat_0161,human_ai,6,0.0,99,0.0207
conv_human_ai_wildchat_0161,human_ai,7,12.5,8,0.0
conv_human_ai_wildchat_0161,human_ai,8,0.0,159,0.0044
conv_human_ai_wildchat_0161,human_ai,9,0.0,18,0.0
conv_human_ai_wildchat_0161,human_ai,10,0.0,169,0.0
conv_human_ai_wildchat_0161,human_ai,11,0.0,5,0.0
conv_human_ai_wildchat_0161,human_ai,12,0.0,186,0.4525
conv_human_ai_wildchat_0161,human_ai,13,0.0,9,0.0
conv_human_ai_wildchat_0161,human_ai,14,0.0,88,0.0862
conv_human_ai_wildchat_0161,human_ai,15,0.0,594,0.0042
conv_human_ai_wildchat_0161,human_ai,16,0.0,72,0.3578
conv_human_ai_wildchat_0161,human_ai,17,0.0,8,0.0
conv_human_ai_wildchat_0161,human_ai,18,0.0,88,0.0479
conv_human_ai_wildchat_0161,human_ai,19,0.0,20,0.0
conv_human_ai_wildchat_0161,human_ai,20,1.1628,86,0.0764
conv_human_human_personachat_0000,human_human,2,0.0,12,0.0
conv_human_human_personachat_0000,human_human,3,0.0,13,0.0
conv_human_human_personachat_0000,human_human,4,0.0,11,0.0
conv_human_human_personachat_0000,human_human,5,0.0,14,0.0
conv_human_human_personachat_0000,human_human,6,0.0,12,0.0
conv_human_human_personachat_0000,human_human,7,0.0,17,0.0
conv_human_human_personachat_0000,human_human,8,0.0,7,0.0
conv_human_human_personachat_0000,human_human,9,0.0,14,0.0
conv_human_human_personachat_0000,human_human,10,0.0,7,0.0
conv_human_human_personachat_0000,human_human,11,6.25,16,0.04
conv_human_human_personachat_0000,human_human,12,0.0,10,0.0
conv_human_human_personachat_0000,human_human,13,7.1429,14,0.04
conv_human_human_personachat_0001,human_human,2,0.0,12,0.0
conv_human_human_personachat_0001,human_human,3,0.0,8,0.0
conv_human_human_personachat_0001,human_human,4,0.0,12,0.0
conv_human_human_personachat_0001,human_human,5,0.0,9,0.0
conv_human_human_personachat_0001,human_human,6,0.0,11,0.0
conv_human_human_personachat_0001,human_human,7,0.0,14,0.0
conv_human_human_personachat_0001,human_human,8,0.0,8,0.0
conv_human_human_personachat_0001,human_human,9,0.0,10,0.0
conv_human_human_personachat_0001,human_human,10,0.0,5,0.0
conv_human_human_personachat_0001,human_human,11,0.0,11,0.0
conv_human_human_personachat_0001,human_human,12,0.0,10,0.0
conv_human_human_personachat_0001,human_human,13,0.0,7,0.0
conv_human_human_personachat_0002,human_human,2,0.0,11,0.0
conv_human_human_personachat_0002,human_human,3,0.0,15,0.0
conv_human_human_personachat_0002,human_human,4,0.0,14,0.0
conv_human_human_personachat_0002,human_human,5,0.0,16,0.0
conv_human_human_personachat_0002,human_human,6,0.0,16,0.0
conv_human_human_personachat_0002,human_human,7,0.0,14,0.04
conv_human_human_personachat_0002,human_human,8,0.0,11,0.0
conv_human_human_personachat_0002,human_human,9,0.0,8,0.0
conv_human_human_personachat_0002,human_human,10,0.0,12,0.0
conv_human_human_personachat_0002,human_human,11,0.0,6,0.0
conv_human_human_personachat_0003,human_human,2,0.0,8,0.0
conv_human_human_personachat_0003,human_human,3,0.0,7,0.0
conv_human_human_personachat_0003,human_human,4,0.0,10,0.0
conv_human_human_personachat_0003,human_human,5,0.0,9,0.0
conv_human_human_personachat_0003,human_human,6,0.0,12,0.0
conv_human_human_personachat_0003,human_human,7,0.0,9,0.0
conv_human_human_personachat_0003,human_human,8,0.0,7,0.0
conv_human_human_personachat_0003,human_human,9,0.0,12,0.0
conv_human_human_personachat_0003,human_human,10,0.0,11,0.0
conv_human_human_personachat_0003,human_human,11,0.0,6,0.0
conv_human_human_personachat_0003,human_human,12,0.0,8,0.0
conv_human_human_personachat_0003,human_human,13,0.0,9,0.0
conv_human_human_personachat_0003,human_human,14,0.0,5,0.0
conv_human_human_personachat_0003,human_human,15,0.0,13,0.0
conv_human_human_personachat_0004,human_human,2,0.0,16,0.0
conv_human_human_personachat_0004,human_human,3,0.0,5,0.0
conv_human_human_personachat_0004,human_human,4,0.0,13,0.0
conv_human_human_personachat_0004,human_human,5,0.0,5,0.0
conv_human_human_personachat_0004,human_human,6,0.0,12,0.0
conv_human_human_personachat_0004,human_human,7,0.0,7,0.0
conv_human_human_personachat_0004,human_human,8,0.0,7,0.0
conv_human_human_personachat_0004,human_human,9,0.0,6,0.0
conv_human_human_personachat_0004,human_human,10,0.0,8,0.0
conv_human_human_personachat_0004,human_human,11,0.0,5,0.0
conv_human_human_personachat_0004,human_human,12,0.0,5,0.0
conv_human_human_personachat_0004,human_human,13,0.0,6,0.0
conv_human_human_personachat_0005,human_human,2,0.0,11,0.0
conv_human_human_personachat_0005,human_human,3,0.0,6,0.0
conv_human_human_personachat_0005,human_human,4,0.0,12,0.0
conv_human_human_personachat_0005,human_human,5,0.0,6,0.0
conv_human_human_personachat_0005,human_human,6,0.0,8,0.0
conv_human_human_personachat_0005,human_human,7,0.0,13,0.0
conv_human_human_personachat_0005,human_human,8,0.0,8,0.0
conv_human_human_personachat_0005,human_human,9,0.0,7,0.0
conv_human_human_personachat_0005,human_human,10,0.0,11,0.0
conv_human_human_personachat_0005,human_human,11,0.0,7,0.0
conv_human_human_personachat_0005,human_human,12,0.0,9,0.0
conv_human_human_personachat_0005,human_human,13,0.0,8,0.0
conv_human_human_personachat_0005,human_human,14,0.0,6,0.0
conv_human_human_personachat_0005,human_human,15,0.0,7,0.0
conv_human_human_personachat_0006,human_human,2,0.0,14,0.0
conv_human_human_personachat_0006,human_human,3,0.0,8,0.0
conv_human_human_personachat_0006,human_human,4,0.0,8,0.0
conv_human_human_personachat_0006,human_human,5,0.0,15,0.0
conv_human_human_personachat_0006,human_human,6,0.0,13,0.0
conv_human_human_personachat_0006,human_human,7,0.0,8,0.0
conv_human_human_personachat_0006,human_human,8,6.6667,15,0.0
conv_human_human_personachat_0006,human_human,9,0.0,7,0.0
conv_human_human_personachat_0006,human_human,10,0.0,12,0.0
conv_human_human_personachat_0006,human_human,11,0.0,6,0.0
conv_human_human_personachat_0006,human_human,12,0.0,13,0.0
conv_human_human_personachat_0006,human_human,13,12.5,8,0.0
conv_human_human_personachat_0007,human_human,2,0.0,12,0.0
conv_human_human_personachat_0007,human_human,3,0.0,7,0.0
conv_human_human_personachat_0007,human_human,4,0.0,10,0.0
conv_human_human_personachat_0007,human_human,5,0.0,7,0.0
conv_human_human_personachat_0007,human_human,6,0.0,17,0.0
conv_human_human_personachat_0007,human_human,7,0.0,7,0.0
conv_human_human_personachat_0007,human_human,8,0.0,8,0.0
conv_human_human_personachat_0007,human_human,9,0.0,6,0.0
conv_human_human_personachat_0007,human_human,10,0.0,10,0.0
conv_human_human_personachat_0007,human_human,11,0.0,5,0.0
conv_human_human_personachat_0007,human_human,12,0.0,8,0.0
conv_human_human_personachat_0007,human_human,13,0.0,5,0.0
conv_human_human_personachat_0007,human_human,14,0.0,13,0.0
conv_human_human_personachat_0007,human_human,15,0.0,6,0.0
conv_human_human_personachat_0008,human_human,2,0.0,8,0.0
conv_human_human_personachat_0008,human_human,3,0.0,11,0.0
conv_human_human_personachat_0008,human_human,4,0.0,7,0.0
conv_human_human_personachat_0008,human_human,5,0.0,4,0.0
conv_human_human_personachat_0008,human_human,6,0.0,8,0.0
conv_human_human_personachat_0008,human_human,7,0.0,15,0.0
conv_human_human_personachat_0008,human_human,8,0.0,7,0.0
conv_human_human_personachat_0008,human_human,9,0.0,6,0.0
conv_human_human_personachat_0008,human_human,10,0.0,14,0.0
conv_human_human_personachat_0008,human_human,11,0.0,5,0.0
conv_human_human_personachat_0008,human_human,12,20.0,5,0.0
conv_human_human_personachat_0008,human_human,13,0.0,13,0.0
conv_human_human_personachat_0008,human_human,14,0.0,8,0.0
conv_human_human_personachat_0008,human_human,15,0.0,16,0.0
conv_human_human_personachat_0009,human_human,2,0.0,6,0.0
conv_human_human_personachat_0009,human_human,3,0.0,10,0.0
conv_human_human_personachat_0009,human_human,4,0.0,10,0.0
conv_human_human_personachat_0009,human_human,5,0.0,11,0.0
conv_human_human_personachat_0009,human_human,6,0.0,9,0.0
conv_human_human_personachat_0009,human_human,7,0.0,13,0.0
conv_human_human_personachat_0009,human_human,8,0.0,8,0.0
conv_human_human_personachat_0009,human_human,9,0.0,6,0.0
conv_human_human_personachat_0009,human_human,10,0.0,11,0.0
conv_human_human_personachat_0009,human_human,11,0.0,7,0.0
conv_human_human_personachat_0009,human_human,12,0.0,5,0.0
conv_human_human_personachat_0009,human_human,13,0.0,10,0.0
conv_human_human_personachat_0009,human_human,14,0.0,8,0.0
conv_human_human_personachat_0009,human_human,15,0.0,9,0.0
conv_human_human_personachat_0010,human_human,2,0.0,12,0.0
conv_human_human_personachat_0010,human_human,3,0.0,11,0.0
conv_human_human_personachat_0010,human_human,4,0.0,15,0.0
conv_human_human_personachat_0010,human_human,5,8.3333,12,0.0
conv_human_human_personachat_0010,human_human,6,0.0,13,0.0
conv_human_human_personachat_0010,human_human,7,0.0,6,0.0
conv_human_human_personachat_0010,human_human,8,0.0,7,0.0
conv_human_human_personachat_0010,human_human,9,0.0,9,0.0
conv_human_human_personachat_0010,human_human,10,0.0,14,0.0
conv_human_human_personachat_0010,human_human,11,0.0,13,0.0
conv_human_human_personachat_0010,human_human,12,0.0,5,0.0
conv_human_human_personachat_0010,human_human,13,0.0,5,0.0
conv_human_human_personachat_0011,human_human,2,0.0,5,0.0
conv_human_human_personachat_0011,human_human,3,0.0,9,0.0
conv_human_human_personachat_0011,human_human,4,0.0,15,0.0
conv_human_human_personachat_0011,human_human,5,0.0,10,0.0
conv_human_human_personachat_0011,human_human,6,0.0,9,0.0
conv_human_human_personachat_0011,human_human,7,0.0,9,0.0
conv_human_human_personachat_0011,human_human,8,0.0,14,0.0
conv_human_human_personachat_0011,human_human,9,0.0,4,0.0
conv_human_human_personachat_0011,human_human,10,0.0,3,0.0
conv_human_human_personachat_0011,human_human,11,0.0,12,0.0
conv_human_human_personachat_0011,human_human,12,0.0,11,0.0
conv_human_human_personachat_0011,human_human,13,0.0,10,0.0
conv_human_human_personachat_0012,human_human,2,0.0,10,0.0
conv_human_human_personachat_0012,human_human,3,0.0,12,0.0
conv_human_human_personachat_0012,human_human,4,0.0,11,0.0
conv_human_human_personachat_0012,human_human,5,0.0,12,0.0
conv_human_human_personachat_0012,human_human,6,0.0,7,0.0
conv_human_human_personachat_0012,human_human,7,0.0,9,0.0
conv_human_human_personachat_0012,human_human,8,0.0,11,0.0
conv_human_human_personachat_0012,human_human,9,0.0,9,0.0
conv_human_human_personachat_0012,human_human,10,0.0,5,0.0
conv_human_human_personachat_0012,human_human,11,0.0,8,0.0
conv_human_human_personachat_0013,human_human,2,0.0,11,0.0
conv_human_human_personachat_0013,human_human,3,0.0,7,0.0
conv_human_human_personachat_0013,human_human,4,0.0,13,0.0
conv_human_human_personachat_0013,human_human,5,0.0,12,0.0
conv_human_human_personachat_0013,human_human,6,0.0,11,0.0
conv_human_human_personachat_0013,human_human,7,0.0,10,0.0
conv_human_human_personachat_0013,human_human,8,0.0,10,0.0
conv_human_human_personachat_0013,human_human,9,0.0,11,0.0
conv_human_human_personachat_0013,human_human,10,0.0,7,0.0
conv_human_human_personachat_0013,human_human,11,0.0,12,0.0
conv_human_human_personachat_0013,human_human,12,0.0,8,0.0
conv_human_human_personachat_0013,human_human,13,0.0,9,0.0
conv_human_human_personachat_0013,human_human,14,0.0,6,0.0
conv_human_human_personachat_0013,human_human,15,0.0,14,0.0
conv_human_human_personachat_0014,human_human,2,0.0,11,0.0
conv_human_human_personachat_0014,human_human,3,0.0,5,0.0
conv_human_human_personachat_0014,human_human,4,0.0,10,0.0
conv_human_human_personachat_0014,human_human,5,0.0,16,0.0
conv_human_human_personachat_0014,human_human,6,0.0,15,0.0
conv_human_human_personachat_0014,human_human,7,0.0,13,0.0
conv_human_human_personachat_0014,human_human,8,0.0,14,0.0
conv_human_human_personachat_0014,human_human,9,0.0,9,0.0
conv_human_human_personachat_0014,human_human,10,0.0,11,0.0
conv_human_human_personachat_0014,human_human,11,0.0,15,0.0
conv_human_human_personachat_0014,human_human,12,0.0,11,0.0
conv_human_human_personachat_0014,human_human,13,0.0,15,0.0
conv_human_human_personachat_0014,human_human,14,0.0,13,0.0
conv_human_human_personachat_0014,human_human,15,6.6667,15,0.0
conv_human_human_personachat_0015,human_human,2,0.0,9,0.0
conv_human_human_personachat_0015,human_human,3,0.0,13,0.0
conv_human_human_personachat_0015,human_human,4,0.0,4,0.0
conv_human_human_personachat_0015,human_human,5,0.0,12,0.0
conv_human_human_personachat_0015,human_human,6,0.0,6,0.0
conv_human_human_personachat_0015,human_human,7,0.0,17,0.087
conv_human_human_personachat_0015,human_human,8,0.0,11,0.0
conv_human_human_personachat_0015,human_human,9,0.0,12,0.0
conv_human_human_personachat_0015,human_human,10,0.0,7,0.0
conv_human_human_personachat_0015,human_human,11,0.0,15,0.0
conv_human_human_personachat_0015,human_human,12,0.0,7,0.0
conv_human_human_personachat_0015,human_human,13,0.0,8,0.0
conv_human_human_personachat_0015,human_human,14,0.0,9,0.0
conv_human_human_personachat_0015,human_human,15,0.0,13,0.0
conv_human_human_personachat_0016,human_human,2,0.0,16,0.0
conv_human_human_personachat_0016,human_human,3,0.0,12,0.0
conv_human_human_personachat_0016,human_human,4,0.0,17,0.0
conv_human_human_personachat_0016,human_human,5,0.0,11,0.0
conv_human_human_personachat_0016,human_human,6,0.0,15,0.0
conv_human_human_personachat_0016,human_human,7,0.0,11,0.0
conv_human_human_personachat_0016,human_human,8,0.0,11,0.0
conv_human_human_personachat_0016,human_human,9,0.0,17,0.0
conv_human_human_personachat_0016,human_human,10,0.0,15,0.0476
conv_human_human_personachat_0016,human_human,11,0.0,9,0.0
conv_human_human_personachat_0017,human_human,2,0.0,9,0.0
conv_human_human_personachat_0017,human_human,3,0.0,6,0.0
conv_human_human_personachat_0017,human_human,4,0.0,12,0.0
conv_human_human_personachat_0017,human_human,5,0.0,7,0.0
conv_human_human_personachat_0017,human_human,6,0.0,8,0.0
conv_human_human_personachat_0017,human_human,7,0.0,5,0.0
conv_human_human_personachat_0017,human_human,8,0.0,11,0.0
conv_human_human_personachat_0017,human_human,9,0.0,6,0.0
conv_human_human_personachat_0017,human_human,10,0.0,8,0.0
conv_human_human_personachat_0017,human_human,11,0.0,8,0.0
conv_human_human_personachat_0017,human_human,12,0.0,7,0.0
conv_human_human_personachat_0017,human_human,13,0.0,8,0.0
conv_human_human_personachat_0018,human_human,2,0.0,11,0.0
conv_human_human_personachat_0018,human_human,3,0.0,13,0.0
conv_human_human_personachat_0018,human_human,4,0.0,11,0.0
conv_human_human_personachat_0018,human_human,5,0.0,5,0.0
conv_human_human_personachat_0018,human_human,6,0.0,12,0.0
conv_human_human_personachat_0018,human_human,7,0.0,14,0.0
conv_human_human_personachat_0018,human_human,8,0.0,13,0.0
conv_human_human_personachat_0018,human_human,9,6.25,16,0.0
conv_human_human_personachat_0018,human_human,10,0.0,15,0.0
conv_human_human_personachat_0018,human_human,11,6.6667,15,0.0
conv_human_human_personachat_0018,human_human,12,0.0,8,0.0
conv_human_human_personachat_0018,human_human,13,0.0,12,0.0
conv_human_human_personachat_0019,human_human,2,0.0,11,0.0
conv_human_human_personachat_0019,human_human,3,0.0,10,0.0
conv_human_human_personachat_0019,human_human,4,0.0,10,0.0
conv_human_human_personachat_0019,human_human,5,0.0,9,0.0
conv_human_human_personachat_0019,human_human,6,0.0,15,0.0
conv_human_human_personachat_0019,human_human,7,0.0,7,0.0
conv_human_human_personachat_0019,human_human,8,8.3333,12,0.0
conv_human_human_personachat_0019,human_human,9,0.0,14,0.0
conv_human_human_personachat_0019,human_human,10,0.0,12,0.0
conv_human_human_personachat_0019,human_human,11,0.0,11,0.0
conv_human_human_personachat_0019,human_human,12,0.0,7,0.0
conv_human_human_personachat_0019,human_human,13,0.0,18,0.0
conv_human_human_personachat_0020,human_human,2,0.0,6,0.0
conv_human_human_personachat_0020,human_human,3,0.0,7,0.0
conv_human_human_personachat_0020,human_human,4,0.0,15,0.0
conv_human_human_personachat_0020,human_human,5,0.0,13,0.0
conv_human_human_personachat_0020,human_human,6,0.0,10,0.0
conv_human_human_personachat_0020,human_human,7,0.0,9,0.0588
conv_human_human_personachat_0020,human_human,8,0.0,13,0.0
conv_human_human_personachat_0020,human_human,9,0.0,9,0.0
conv_human_human_personachat_0020,human_human,10,0.0,11,0.0
conv_human_human_personachat_0020,human_human,11,0.0,12,0.0
conv_human_human_personachat_0020,human_human,12,0.0,15,0.0
conv_human_human_personachat_0020,human_human,13,0.0,11,0.0
conv_human_human_personachat_0020,human_human,14,0.0,13,0.0
conv_human_human_personachat_0020,human_human,15,0.0,8,0.0
conv_human_human_personachat_0021,human_human,2,0.0,11,0.0
conv_human_human_personachat_0021,human_human,3,0.0,12,0.0
conv_human_human_personachat_0021,human_human,4,0.0,9,0.0
conv_human_human_personachat_0021,human_human,5,0.0,7,0.0
conv_human_human_personachat_0021,human_human,6,0.0,15,0.0
conv_human_human_personachat_0021,human_human,7,6.6667,15,0.0
conv_human_human_personachat_0021,human_human,8,0.0,10,0.0
conv_human_human_personachat_0021,human_human,9,0.0,13,0.0
conv_human_human_personachat_0021,human_human,10,7.6923,13,0.0
conv_human_human_personachat_0021,human_human,11,0.0,8,0.0
conv_human_human_personachat_0021,human_human,12,0.0,7,0.0
conv_human_human_personachat_0021,human_human,13,0.0,9,0.0
conv_human_human_personachat_0021,human_human,14,0.0,8,0.0
conv_human_human_personachat_0021,human_human,15,18.1818,11,0.0
conv_human_human_personachat_0022,human_human,2,0.0,6,0.0
conv_human_human_personachat_0022,human_human,3,0.0,15,0.0
conv_human_human_personachat_0022,human_human,4,0.0,6,0.0
conv_human_human_personachat_0022,human_human,5,0.0,11,0.0
conv_human_human_personachat_0022,human_human,6,0.0,7,0.0
conv_human_human_personachat_0022,human_human,7,0.0,15,0.0
conv_human_human_personachat_0022,human_human,8,0.0,6,0.0
conv_human_human_personachat_0022,human_human,9,0.0,15,0.0
conv_human_human_personachat_0022,human_human,10,0.0,10,0.0
conv_human_human_personachat_0022,human_human,11,0.0,13,0.0
conv_human_human_personachat_0023,human_human,2,0.0,8,0.0
conv_human_human_personachat_0023,human_human,3,0.0,8,0.0
conv_human_human_personachat_0023,human_human,4,0.0,8,0.0
conv_human_human_personachat_0023,human_human,5,0.0,12,0.0
conv_human_human_personachat_0023,human_human,6,0.0,14,0.0
conv_human_human_personachat_0023,human_human,7,0.0,15,0.0
conv_human_human_personachat_0023,human_human,8,0.0,9,0.0
conv_human_human_personachat_0023,human_human,9,0.0,10,0.0
conv_human_human_personachat_0023,human_human,10,0.0,9,0.0
conv_human_human_personachat_0023,human_human,11,0.0,13,0.0
conv_human_human_personachat_0024,human_human,2,0.0,7,0.0
conv_human_human_personachat_0024,human_human,3,0.0,14,0.0
conv_human_human_personachat_0024,human_human,4,0.0,6,0.0
conv_human_human_personachat_0024,human_human,5,0.0,13,0.0
conv_human_human_personachat_0024,human_human,6,0.0,6,0.0
conv_human_human_personachat_0024,human_human,7,0.0,12,0.0
conv_human_human_personachat_0024,human_human,8,0.0,8,0.0
conv_human_human_personachat_0024,human_human,9,0.0,11,0.0
conv_human_human_personachat_0024,human_human,10,0.0,5,0.0
conv_human_human_personachat_0024,human_human,11,0.0,5,0.0
conv_human_human_personachat_0024,human_human,12,12.5,8,0.0
conv_human_human_personachat_0024,human_human,13,0.0,8,0.0
conv_human_human_personachat_0025,human_human,2,0.0,13,0.0
conv_human_human_personachat_0025,human_human,3,0.0,14,0.0
conv_human_human_personachat_0025,human_human,4,0.0,7,0.0
conv_human_human_personachat_0025,human_human,5,0.0,13,0.0
conv_human_human_personachat_0025,human_human,6,0.0,13,0.0
conv_human_human_personachat_0025,human_human,7,0.0,13,0.0
conv_human_human_personachat_0025,human_human,8,0.0,16,0.0
conv_human_human_personachat_0025,human_human,9,0.0,10,0.0
conv_human_human_personachat_0025,human_human,10,0.0,6,0.0588
conv_human_human_personachat_0025,human_human,11,0.0,11,0.0
conv_human_human_personachat_0025,human_human,12,0.0,12,0.0
conv_human_human_personachat_0025,human_human,13,0.0,6,0.0
conv_human_human_personachat_0025,human_human,14,0.0,12,0.0
conv_human_human_personachat_0025,human_human,15,0.0,11,0.0
conv_human_human_personachat_0026,human_human,2,0.0,17,0.0
conv_human_human_personachat_0026,human_human,3,0.0,13,0.0
conv_human_human_personachat_0026,human_human,4,0.0,11,0.0
conv_human_human_personachat_0026,human_human,5,0.0,12,0.0
conv_human_human_personachat_0026,human_human,6,0.0,12,0.0
conv_human_human_personachat_0026,human_human,7,0.0,9,0.0
conv_human_human_personachat_0026,human_human,8,0.0,12,0.0
conv_human_human_personachat_0026,human_human,9,0.0,11,0.0
conv_human_human_personachat_0026,human_human,10,0.0,15,0.0
conv_human_human_personachat_0026,human_human,11,0.0,10,0.0
conv_human_human_personachat_0027,human_human,2,0.0,14,0.0
conv_human_human_personachat_0027,human_human,3,0.0,8,0.0
conv_human_human_personachat_0027,human_human,4,0.0,13,0.0
conv_human_human_personachat_0027,human_human,5,0.0,15,0.0
conv_human_human_personachat_0027,human_human,6,0.0,13,0.0
conv_human_human_personachat_0027,human_human,7,0.0,15,0.0
conv_human_human_personachat_0027,human_human,8,0.0,16,0.0
conv_human_human_personachat_0027,human_human,9,0.0,9,0.0
conv_human_human_personachat_0027,human_human,10,0.0,6,0.0
conv_human_human_personachat_0027,human_human,11,0.0,8,0.0
conv_human_human_personachat_0027,human_human,12,0.0,7,0.0
conv_human_human_personachat_0027,human_human,13,0.0,8,0.0
conv_human_human_personachat_0028,human_human,2,0.0,17,0.0
conv_human_human_personachat_0028,human_human,3,0.0,10,0.0
conv_human_human_personachat_0028,human_human,4,0.0,6,0.0
conv_human_human_personachat_0028,human_human,5,0.0,8,0.0
conv_human_human_personachat_0028,human_human,6,0.0,12,0.0
conv_human_human_personachat_0028,human_human,7,0.0,6,0.0
conv_human_human_personachat_0028,human_human,8,0.0,13,0.0
conv_human_human_personachat_0028,human_human,9,0.0,6,0.0
conv_human_human_personachat_0028,human_human,10,0.0,15,0.0
conv_human_human_personachat_0028,human_human,11,0.0,9,0.0
conv_human_human_personachat_0028,human_human,12,0.0,8,0.0
conv_human_human_personachat_0028,human_human,13,0.0,6,0.0
conv_human_human_personachat_0028,human_human,14,0.0,8,0.0
conv_human_human_personachat_0028,human_human,15,0.0,11,0.1818
conv_human_human_personachat_0029,human_human,2,0.0,13,0.0
conv_human_human_personachat_0029,human_human,3,0.0,18,0.0
conv_human_human_personachat_0029,human_human,4,0.0,9,0.0
conv_human_human_personachat_0029,human_human,5,0.0,8,0.0
conv_human_human_personachat_0029,human_human,6,0.0,11,0.0
conv_human_human_personachat_0029,human_human,7,0.0,10,0.0
conv_human_human_personachat_0029,human_human,8,6.6667,15,0.0
conv_human_human_personachat_0029,human_human,9,0.0,8,0.0
conv_human_human_personachat_0029,human_human,10,0.0,13,0.0
conv_human_human_personachat_0029,human_human,11,0.0,8,0.0
conv_human_human_personachat_0029,human_human,12,0.0,11,0.0
conv_human_human_personachat_0029,human_human,13,0.0,16,0.0
conv_human_human_personachat_0029,human_human,14,0.0,11,0.0
conv_human_human_personachat_0029,human_human,15,0.0,11,0.0
conv_human_human_personachat_0030,human_human,2,0.0,13,0.0
conv_human_human_personachat_0030,human_human,3,0.0,15,0.0
conv_human_human_personachat_0030,human_human,4,0.0,17,0.0
conv_human_human_personachat_0030,human_human,5,0.0,15,0.0
conv_human_human_personachat_0030,human_human,6,0.0,17,0.0
conv_human_human_personachat_0030,human_human,7,0.0,11,0.0
conv_human_human_personachat_0030,human_human,8,0.0,12,0.0
conv_human_human_personachat_0030,human_human,9,0.0,14,0.0
conv_human_human_personachat_0030,human_human,10,0.0,15,0.0
conv_human_human_personachat_0030,human_human,11,0.0,14,0.0
conv_human_human_personachat_0030,human_human,12,0.0,17,0.0
conv_human_human_personachat_0030,human_human,13,0.0,11,0.0
conv_human_human_personachat_0030,human_human,14,0.0,16,0.0
conv_human_human_personachat_0030,human_human,15,0.0,5,0.0
conv_human_human_personachat_0031,human_human,2,0.0,10,0.0
conv_human_human_personachat_0031,human_human,3,0.0,15,0.0
conv_human_human_personachat_0031,human_human,4,0.0,11,0.0
conv_human_human_personachat_0031,human_human,5,0.0,16,0.0
conv_human_human_personachat_0031,human_human,6,0.0,13,0.0
conv_human_human_personachat_0031,human_human,7,0.0,8,0.0
conv_human_human_personachat_0031,human_human,8,0.0,16,0.0
conv_human_human_personachat_0031,human_human,9,0.0,17,0.0
conv_human_human_personachat_0031,human_human,10,0.0,12,0.0
conv_human_human_personachat_0031,human_human,11,0.0,14,0.0
conv_human_human_personachat_0031,human_human,12,0.0,15,0.0455
conv_human_human_personachat_0031,human_human,13,0.0,12,0.0
conv_human_human_personachat_0031,human_human,14,0.0,9,0.0
conv_human_human_personachat_0031,human_human,15,0.0,11,0.0
conv_human_human_personachat_0032,human_human,2,0.0,12,0.0
conv_human_human_personachat_0032,human_human,3,0.0,8,0.0
conv_human_human_personachat_0032,human_human,4,0.0,14,0.0
conv_human_human_personachat_0032,human_human,5,0.0,6,0.0
conv_human_human_personachat_0032,human_human,6,0.0,7,0.0
conv_human_human_personachat_0032,human_human,7,0.0,7,0.0
conv_human_human_personachat_0032,human_human,8,0.0,13,0.0
conv_human_human_personachat_0032,human_human,9,0.0,10,0.0
conv_human_human_personachat_0032,human_human,10,0.0,12,0.0
conv_human_human_personachat_0032,human_human,11,0.0,9,0.0
conv_human_human_personachat_0032,human_human,12,0.0,5,0.0
conv_human_human_personachat_0032,human_human,13,0.0,4,0.0
conv_human_human_personachat_0032,human_human,14,0.0,9,0.0
conv_human_human_personachat_0032,human_human,15,0.0,7,0.0
conv_human_human_personachat_0033,human_human,2,0.0,6,0.0
conv_human_human_personachat_0033,human_human,3,0.0,7,0.0
conv_human_human_personachat_0033,human_human,4,0.0,15,0.0
conv_human_human_personachat_0033,human_human,5,0.0,13,0.0
conv_human_human_personachat_0033,human_human,6,0.0,12,0.0
conv_human_human_personachat_0033,human_human,7,0.0,7,0.0
conv_human_human_personachat_0033,human_human,8,0.0,6,0.0
conv_human_human_personachat_0033,human_human,9,0.0,13,0.0
conv_human_human_personachat_0033,human_human,10,0.0,13,0.0
conv_human_human_personachat_0033,human_human,11,0.0,15,0.0
conv_human_human_personachat_0033,human_human,12,0.0,6,0.0
conv_human_human_personachat_0033,human_human,13,0.0,7,0.0
conv_human_human_personachat_0033,human_human,14,0.0,6,0.0
conv_human_human_personachat_0033,human_human,15,0.0,16,0.0
conv_human_human_personachat_0034,human_human,2,0.0,5,0.0
conv_human_human_personachat_0034,human_human,3,0.0,6,0.0
conv_human_human_personachat_0034,human_human,4,0.0,10,0.0
conv_human_human_personachat_0034,human_human,5,0.0,7,0.0
conv_human_human_personachat_0034,human_human,6,0.0,9,0.0
conv_human_human_personachat_0034,human_human,7,0.0,6,0.0
conv_human_human_personachat_0034,human_human,8,0.0,12,0.0
conv_human_human_personachat_0034,human_human,9,0.0,5,0.0
conv_human_human_personachat_0034,human_human,10,0.0,14,0.0
conv_human_human_personachat_0034,human_human,11,0.0,8,0.0
conv_human_human_personachat_0034,human_human,12,0.0,9,0.0
conv_human_human_personachat_0034,human_human,13,0.0,6,0.0
conv_human_human_personachat_0034,human_human,14,0.0,5,0.0
conv_human_human_personachat_0034,human_human,15,0.0,6,0.0
conv_human_human_personachat_0035,human_human,2,0.0,7,0.0
conv_human_human_personachat_0035,human_human,3,0.0,6,0.0
conv_human_human_personachat_0035,human_human,4,0.0,8,0.0
conv_human_human_personachat_0035,human_human,5,0.0,5,0.0
conv_human_human_personachat_0035,human_human,6,0.0,5,0.0
conv_human_human_personachat_0035,human_human,7,0.0,6,0.0
conv_human_human_personachat_0035,human_human,8,0.0,11,0.0
conv_human_human_personachat_0035,human_human,9,0.0,5,0.0
conv_human_human_personachat_0035,human_human,10,0.0,9,0.0
conv_human_human_personachat_0035,human_human,11,0.0,5,0.0
conv_human_human_personachat_0035,human_human,12,0.0,8,0.0
conv_human_human_personachat_0035,human_human,13,0.0,5,0.0
conv_human_human_personachat_0035,human_human,14,0.0,14,0.0
conv_human_human_personachat_0035,human_human,15,0.0,7,0.0
conv_human_human_personachat_0036,human_human,2,0.0,10,0.0
conv_human_human_personachat_0036,human_human,3,0.0,9,0.0
conv_human_human_personachat_0036,human_human,4,0.0,8,0.0
conv_human_human_personachat_0036,human_human,5,0.0,14,0.0
conv_human_human_personachat_0036,human_human,6,0.0,10,0.0
conv_human_human_personachat_0036,human_human,7,0.0,9,0.0
conv_human_human_personachat_0036,human_human,8,0.0,7,0.0
conv_human_human_personachat_0036,human_human,9,0.0,16,0.0
conv_human_human_personachat_0036,human_human,10,0.0,5,0.0
conv_human_human_personachat_0036,human_human,11,0.0,8,0.0
conv_human_human_personachat_0036,human_human,12,0.0,5,0.0
conv_human_human_personachat_0036,human_human,13,10.0,10,0.0
conv_human_human_personachat_0037,human_human,2,0.0,12,0.0
conv_human_human_personachat_0037,human_human,3,0.0,9,0.0
conv_human_human_personachat_0037,human_human,4,0.0,14,0.0
conv_human_human_personachat_0037,human_human,5,0.0,11,0.0
conv_human_human_personachat_0037,human_human,6,0.0,9,0.0
conv_human_human_personachat_0037,human_human,7,0.0,9,0.0
conv_human_human_personachat_0037,human_human,8,0.0,17,0.0
conv_human_human_personachat_0037,human_human,9,0.0,11,0.0
conv_human_human_personachat_0037,human_human,10,10.0,10,0.0
conv_human_human_personachat_0037,human_human,11,0.0,14,0.0
conv_human_human_personachat_0037,human_human,12,0.0,11,0.0
conv_human_human_personachat_0037,human_human,13,0.0,11,0.0
conv_human_human_personachat_0038,human_human,2,0.0,6,0.0
conv_human_human_personachat_0038,human_human,3,0.0,11,0.0
conv_human_human_personachat_0038,human_human,4,0.0,8,0.0
conv_human_human_personachat_0038,human_human,5,0.0,8,0.0
conv_human_human_personachat_0038,human_human,6,0.0,16,0.0
conv_human_human_personachat_0038,human_human,7,0.0,5,0.0
conv_human_human_personachat_0038,human_human,8,0.0,15,0.0
conv_human_human_personachat_0038,human_human,9,0.0,11,0.0
conv_human_human_personachat_0038,human_human,10,0.0,6,0.0
conv_human_human_personachat_0038,human_human,11,0.0,9,0.0
conv_human_human_personachat_0038,human_human,12,0.0,17,0.0
conv_human_human_personachat_0038,human_human,13,0.0,5,0.0
conv_human_human_personachat_0038,human_human,14,0.0,15,0.0
conv_human_human_personachat_0038,human_human,15,0.0,6,0.0
conv_human_human_personachat_0039,human_human,2,0.0,16,0.0
conv_human_human_personachat_0039,human_human,3,0.0,15,0.0
conv_human_human_personachat_0039,human_human,4,0.0,13,0.0
conv_human_human_personachat_0039,human_human,5,0.0,13,0.0
conv_human_human_personachat_0039,human_human,6,0.0,15,0.0435
conv_human_human_personachat_0039,human_human,7,0.0,10,0.0
conv_human_human_personachat_0039,human_human,8,0.0,12,0.0
conv_human_human_personachat_0039,human_human,9,0.0,12,0.0
conv_human_human_personachat_0039,human_human,10,0.0,11,0.0
conv_human_human_personachat_0039,human_human,11,0.0,8,0.0
conv_human_human_personachat_0040,human_human,2,0.0,12,0.0
conv_human_human_personachat_0040,human_human,3,0.0,14,0.0
conv_human_human_personachat_0040,human_human,4,0.0,11,0.0
conv_human_human_personachat_0040,human_human,5,0.0,15,0.0
conv_human_human_personachat_0040,human_human,6,0.0,13,0.0
conv_human_human_personachat_0040,human_human,7,9.0909,11,0.0
conv_human_human_personachat_0040,human_human,8,8.3333,12,0.0
conv_human_human_personachat_0040,human_human,9,0.0,13,0.0
conv_human_human_personachat_0040,human_human,10,0.0,13,0.0
conv_human_human_personachat_0040,human_human,11,10.0,10,0.0
conv_human_human_personachat_0040,human_human,12,0.0,9,0.0
conv_human_human_personachat_0040,human_human,13,0.0,9,0.0
conv_human_human_personachat_0040,human_human,14,0.0,5,0.0
conv_human_human_personachat_0040,human_human,15,0.0,17,0.0
conv_human_human_personachat_0041,human_human,2,0.0,7,0.0
conv_human_human_personachat_0041,human_human,3,0.0,10,0.0
conv_human_human_personachat_0041,human_human,4,0.0,13,0.0
conv_human_human_personachat_0041,human_human,5,0.0,12,0.0
conv_human_human_personachat_0041,human_human,6,0.0,11,0.0
conv_human_human_personachat_0041,human_human,7,0.0,9,0.0
conv_human_human_personachat_0041,human_human,8,0.0,12,0.0
conv_human_human_personachat_0041,human_human,9,0.0,7,0.0
conv_human_human_personachat_0041,human_human,10,0.0,13,0.05
conv_human_human_personachat_0041,human_human,11,0.0,9,0.0
conv_human_human_personachat_0041,human_human,12,0.0,17,0.0
conv_human_human_personachat_0041,human_human,13,0.0,14,0.0
conv_human_human_personachat_0042,human_human,2,0.0,5,0.0
conv_human_human_personachat_0042,human_human,3,0.0,6,0.0
conv_human_human_personachat_0042,human_human,4,0.0,7,0.0
conv_human_human_personachat_0042,human_human,5,0.0,9,0.0
conv_human_human_personachat_0042,human_human,6,0.0,8,0.0
conv_human_human_personachat_0042,human_human,7,0.0,10,0.0
conv_human_human_personachat_0042,human_human,8,0.0,10,0.0
conv_human_human_personachat_0042,human_human,9,0.0,8,0.0
conv_human_human_personachat_0042,human_human,10,0.0,10,0.0
conv_human_human_personachat_0042,human_human,11,0.0,7,0.0
conv_human_human_personachat_0042,human_human,12,0.0,6,0.0
conv_human_human_personachat_0042,human_human,13,0.0,7,0.0
conv_human_human_personachat_0042,human_human,14,0.0,8,0.0
conv_human_human_personachat_0042,human_human,15,0.0,10,0.0
conv_human_human_personachat_0043,human_human,2,0.0,11,0.0
conv_human_human_personachat_0043,human_human,3,0.0,11,0.0
conv_human_human_personachat_0043,human_human,4,0.0,13,0.0
conv_human_human_personachat_0043,human_human,5,7.1429,14,0.0
conv_human_human_personachat_0043,human_human,6,0.0,16,0.0
conv_human_human_personachat_0043,human_human,7,0.0,11,0.0
conv_human_human_personachat_0043,human_human,8,0.0,16,0.0
conv_human_human_personachat_0043,human_human,9,0.0,8,0.0
conv_human_human_personachat_0043,human_human,10,0.0,11,0.0
conv_human_human_personachat_0043,human_human,11,0.0,8,0.0
conv_human_human_personachat_0044,human_human,2,0.0,6,0.0
conv_human_human_personachat_0044,human_human,3,0.0,11,0.0
conv_human_human_personachat_0044,human_human,4,0.0,10,0.0
conv_human_human_personachat_0044,human_human,5,0.0,12,0.0
conv_human_human_personachat_0044,human_human,6,0.0,5,0.0
conv_human_human_personachat_0044,human_human,7,0.0,12,0.0
conv_human_human_personachat_0044,human_human,8,0.0,5,0.0
conv_human_human_personachat_0044,human_human,9,0.0,9,0.0
conv_human_human_personachat_0044,human_human,10,0.0,12,0.0
conv_human_human_personachat_0044,human_human,11,0.0,5,0.0
conv_human_human_personachat_0044,human_human,12,0.0,7,0.0
conv_human_human_personachat_0044,human_human,13,0.0,10,0.0
conv_human_human_personachat_0044,human_human,14,0.0,7,0.0
conv_human_human_personachat_0044,human_human,15,0.0,10,0.0
conv_human_human_personachat_0045,human_human,2,0.0,11,0.0
conv_human_human_personachat_0045,human_human,3,0.0,8,0.0
conv_human_human_personachat_0045,human_human,4,0.0,10,0.0
conv_human_human_personachat_0045,human_human,5,0.0,9,0.0
conv_human_human_personachat_0045,human_human,6,0.0,15,0.0
conv_human_human_personachat_0045,human_human,7,0.0,5,0.0
conv_human_human_personachat_0045,human_human,8,0.0,9,0.0
conv_human_human_personachat_0045,human_human,9,0.0,11,0.0
conv_human_human_personachat_0045,human_human,10,0.0,14,0.0
conv_human_human_personachat_0045,human_human,11,6.6667,15,0.0
conv_human_human_personachat_0045,human_human,12,0.0,9,0.0
conv_human_human_personachat_0045,human_human,13,10.0,10,0.0
conv_human_human_personachat_0046,human_human,2,0.0,8,0.0
conv_human_human_personachat_0046,human_human,3,0.0,9,0.0
conv_human_human_personachat_0046,human_human,4,0.0,18,0.0
conv_human_human_personachat_0046,human_human,5,0.0,14,0.0
conv_human_human_personachat_0046,human_human,6,0.0,15,0.0
conv_human_human_personachat_0046,human_human,7,0.0,12,0.0
conv_human_human_personachat_0046,human_human,8,0.0,12,0.0
conv_human_human_personachat_0046,human_human,9,0.0,9,0.0
conv_human_human_personachat_0046,human_human,10,0.0,15,0.0
conv_human_human_personachat_0046,human_human,11,0.0,11,0.0
conv_human_human_personachat_0046,human_human,12,16.6667,6,0.0
conv_human_human_personachat_0046,human_human,13,0.0,5,0.0
conv_human_human_personachat_0046,human_human,14,0.0,5,0.0
conv_human_human_personachat_0046,human_human,15,0.0,10,0.0
conv_human_human_personachat_0047,human_human,2,0.0,11,0.0
conv_human_human_personachat_0047,human_human,3,0.0,5,0.0
conv_human_human_personachat_0047,human_human,4,0.0,15,0.0
conv_human_human_personachat_0047,human_human,5,0.0,6,0.0
conv_human_human_personachat_0047,human_human,6,0.0,5,0.0
conv_human_human_personachat_0047,human_human,7,0.0,10,0.0
conv_human_human_personachat_0047,human_human,8,0.0,14,0.0
conv_human_human_personachat_0047,human_human,9,0.0,16,0.0
conv_human_human_personachat_0047,human_human,10,0.0,12,0.0
conv_human_human_personachat_0047,human_human,11,0.0,13,0.0
conv_human_human_personachat_0047,human_human,12,0.0,14,0.0
conv_human_human_personachat_0047,human_human,13,0.0,12,0.0
conv_human_human_personachat_0048,human_human,2,0.0,12,0.0
conv_human_human_personachat_0048,human_human,3,0.0,11,0.0
conv_human_human_personachat_0048,human_human,4,0.0,12,0.0
conv_human_human_personachat_0048,human_human,5,0.0,7,0.0
conv_human_human_personachat_0048,human_human,6,0.0,6,0.0
conv_human_human_personachat_0048,human_human,7,0.0,10,0.0
conv_human_human_personachat_0048,human_human,8,0.0,11,0.0
conv_human_human_personachat_0048,human_human,9,0.0,7,0.0
conv_human_human_personachat_0048,human_human,10,7.1429,14,0.0
conv_human_human_personachat_0048,human_human,11,11.1111,9,0.0
conv_human_human_personachat_0048,human_human,12,0.0,7,0.0
conv_human_human_personachat_0048,human_human,13,0.0,11,0.0
conv_human_human_personachat_0048,human_human,14,0.0,10,0.0
conv_human_human_personachat_0048,human_human,15,0.0,5,0.0
conv_human_human_personachat_0049,human_human,2,0.0,9,0.0
conv_human_human_personachat_0049,human_human,3,0.0,8,0.0
conv_human_human_personachat_0049,human_human,4,8.3333,12,0.0
conv_human_human_personachat_0049,human_human,5,0.0,6,0.0
conv_human_human_personachat_0049,human_human,6,0.0,10,0.0
conv_human_human_personachat_0049,human_human,7,0.0,7,0.0
conv_human_human_personachat_0049,human_human,8,0.0,16,0.0
conv_human_human_personachat_0049,human_human,9,0.0,6,0.0
conv_human_human_personachat_0049,human_human,10,0.0,14,0.0
conv_human_human_personachat_0049,human_human,11,0.0,10,0.0
conv_human_human_personachat_0049,human_human,12,6.6667,15,0.0
conv_human_human_personachat_0049,human_human,13,0.0,7,0.0
conv_human_human_personachat_0050,human_human,2,0.0,13,0.0
conv_human_human_personachat_0050,human_human,3,0.0,6,0.0
conv_human_human_personachat_0050,human_human,4,0.0,13,0.0
conv_human_human_personachat_0050,human_human,5,0.0,11,0.0
conv_human_human_personachat_0050,human_human,6,0.0,8,0.0
conv_human_human_personachat_0050,human_human,7,0.0,10,0.0
conv_human_human_personachat_0050,human_human,8,0.0,16,0.0
conv_human_human_personachat_0050,human_human,9,0.0,11,0.0
conv_human_human_personachat_0050,human_human,10,0.0,14,0.0
conv_human_human_personachat_0050,human_human,11,0.0,9,0.0
conv_human_human_personachat_0050,human_human,12,0.0,12,0.0
conv_human_human_personachat_0050,human_human,13,0.0,11,0.0
conv_human_human_personachat_0050,human_human,14,0.0,13,0.0
conv_human_human_personachat_0050,human_human,15,0.0,11,0.0
conv_human_human_personachat_0051,human_human,2,0.0,15,0.0
conv_human_human_personachat_0051,human_human,3,0.0,13,0.0
conv_human_human_personachat_0051,human_human,4,6.6667,15,0.0
conv_human_human_personachat_0051,human_human,5,0.0,14,0.0
conv_human_human_personachat_0051,human_human,6,0.0,13,0.0
conv_human_human_personachat_0051,human_human,7,0.0,14,0.0
conv_human_human_personachat_0051,human_human,8,0.0,8,0.0
conv_human_human_personachat_0051,human_human,9,0.0,13,0.0
conv_human_human_personachat_0051,human_human,10,0.0,12,0.0
conv_human_human_personachat_0051,human_human,11,0.0,11,0.0
conv_human_human_personachat_0052,human_human,2,0.0,5,0.0
conv_human_human_personachat_0052,human_human,3,0.0,6,0.0
conv_human_human_personachat_0052,human_human,4,0.0,15,0.0
conv_human_human_personachat_0052,human_human,5,0.0,7,0.0
conv_human_human_personachat_0052,human_human,6,0.0,15,0.0
conv_human_human_personachat_0052,human_human,7,0.0,11,0.0
conv_human_human_personachat_0052,human_human,8,0.0,8,0.0
conv_human_human_personachat_0052,human_human,9,0.0,8,0.0
conv_human_human_personachat_0052,human_human,10,0.0,14,0.0
conv_human_human_personachat_0052,human_human,11,0.0,8,0.0
conv_human_human_personachat_0052,human_human,12,0.0,15,0.0
conv_human_human_personachat_0052,human_human,13,0.0,7,0.0
conv_human_human_personachat_0053,human_human,2,0.0,6,0.0
conv_human_human_personachat_0053,human_human,3,0.0,11,0.0
conv_human_human_personachat_0053,human_human,4,0.0,6,0.0
conv_human_human_personachat_0053,human_human,5,0.0,13,0.0
conv_human_human_personachat_0053,human_human,6,0.0,15,0.0
conv_human_human_personachat_0053,human_human,7,0.0,13,0.0
conv_human_human_personachat_0053,human_human,8,0.0,9,0.0
conv_human_human_personachat_0053,human_human,9,0.0,10,0.0
conv_human_human_personachat_0053,human_human,10,0.0,9,0.0
conv_human_human_personachat_0053,human_human,11,0.0,7,0.0
conv_human_human_personachat_0053,human_human,12,0.0,5,0.0
conv_human_human_personachat_0053,human_human,13,0.0,6,0.0
conv_human_human_personachat_0054,human_human,2,0.0,9,0.0
conv_human_human_personachat_0054,human_human,3,9.0909,11,0.0
conv_human_human_personachat_0054,human_human,4,20.0,10,0.0
conv_human_human_personachat_0054,human_human,5,0.0,10,0.0
conv_human_human_personachat_0054,human_human,6,0.0,5,0.0
conv_human_human_personachat_0054,human_human,7,0.0,9,0.0
conv_human_human_personachat_0054,human_human,8,0.0,12,0.0
conv_human_human_personachat_0054,human_human,9,0.0,10,0.0
conv_human_human_personachat_0054,human_human,10,11.1111,9,0.0
conv_human_human_personachat_0054,human_human,11,10.0,10,0.0
conv_human_human_personachat_0054,human_human,12,0.0,10,0.0
conv_human_human_personachat_0054,human_human,13,0.0,7,0.0
conv_human_human_personachat_0054,human_human,14,0.0,6,0.0
conv_human_human_personachat_0054,human_human,15,0.0,5,0.1429
conv_human_human_personachat_0055,human_human,2,0.0,11,0.0
conv_human_human_personachat_0055,human_human,3,0.0,8,0.0
conv_human_human_personachat_0055,human_human,4,0.0,8,0.0
conv_human_human_personachat_0055,human_human,5,0.0,13,0.0
conv_human_human_personachat_0055,human_human,6,0.0,9,0.0
conv_human_human_personachat_0055,human_human,7,0.0,7,0.0
conv_human_human_personachat_0055,human_human,8,0.0,11,0.0
conv_human_human_personachat_0055,human_human,9,0.0,15,0.0
conv_human_human_personachat_0055,human_human,10,0.0,10,0.0
conv_human_human_personachat_0055,human_human,11,0.0,11,0.0
conv_human_human_personachat_0055,human_human,12,7.6923,13,0.0
conv_human_human_personachat_0055,human_human,13,9.0909,11,0.0
conv_human_human_personachat_0055,human_human,14,0.0,16,0.0
conv_human_human_personachat_0055,human_human,15,0.0,8,0.0
conv_human_human_personachat_0056,human_human,2,0.0,4,0.0
conv_human_human_personachat_0056,human_human,3,0.0,7,0.0
conv_human_human_personachat_0056,human_human,4,0.0,7,0.0
conv_human_human_personachat_0056,human_human,5,0.0,5,0.0
conv_human_human_personachat_0056,human_human,6,0.0,6,0.0
conv_human_human_personachat_0056,human_human,7,0.0,5,0.0
conv_human_human_personachat_0056,human_human,8,0.0,6,0.0
conv_human_human_personachat_0056,human_human,9,0.0,12,0.0
conv_human_human_personachat_0056,human_human,10,0.0,4,0.0
conv_human_human_personachat_0056,human_human,11,0.0,11,0.0
conv_human_human_personachat_0056,human_human,12,0.0,3,0.0
conv_human_human_personachat_0056,human_human,13,0.0,9,0.0
conv_human_human_personachat_0057,human_human,2,0.0,11,0.0
conv_human_human_personachat_0057,human_human,3,0.0,10,0.0
conv_human_human_personachat_0057,human_human,4,0.0,7,0.0
conv_human_human_personachat_0057,human_human,5,0.0,8,0.0
conv_human_human_personachat_0057,human_human,6,0.0,12,0.0
conv_human_human_personachat_0057,human_human,7,0.0,11,0.0
conv_human_human_personachat_0057,human_human,8,0.0,12,0.0
conv_human_human_personachat_0057,human_human,9,0.0,10,0.0
conv_human_human_personachat_0057,human_human,10,0.0,14,0.0476
conv_human_human_personachat_0057,human_human,11,0.0,9,0.0714
conv_human_human_personachat_0057,human_human,12,0.0,9,0.0
conv_human_human_personachat_0057,human_human,13,33.3333,6,0.0
conv_human_human_personachat_0058,human_human,2,0.0,13,0.0
conv_human_human_personachat_0058,human_human,3,0.0,13,0.0
conv_human_human_personachat_0058,human_human,4,0.0,7,0.0
conv_human_human_personachat_0058,human_human,5,0.0,5,0.0
conv_human_human_personachat_0058,human_human,6,0.0,10,0.0
conv_human_human_personachat_0058,human_human,7,0.0,11,0.0
conv_human_human_personachat_0058,human_human,8,0.0,13,0.0
conv_human_human_personachat_0058,human_human,9,0.0,14,0.0
conv_human_human_personachat_0058,human_human,10,0.0,13,0.0
conv_human_human_personachat_0058,human_human,11,0.0,13,0.0
conv_human_human_personachat_0058,human_human,12,0.0,13,0.0
conv_human_human_personachat_0058,human_human,13,0.0,17,0.0
conv_human_human_personachat_0058,human_human,14,9.0909,11,0.0
conv_human_human_personachat_0058,human_human,15,0.0,11,0.0
conv_human_human_personachat_0059,human_human,2,0.0,7,0.0
conv_human_human_personachat_0059,human_human,3,0.0,12,0.0
conv_human_human_personachat_0059,human_human,4,0.0,9,0.0
conv_human_human_personachat_0059,human_human,5,0.0,10,0.0
conv_human_human_personachat_0059,human_human,6,0.0,9,0.0
conv_human_human_personachat_0059,human_human,7,0.0,8,0.0
conv_human_human_personachat_0059,human_human,8,0.0,10,0.0
conv_human_human_personachat_0059,human_human,9,0.0,13,0.0
conv_human_human_personachat_0059,human_human,10,0.0,11,0.0
conv_human_human_personachat_0059,human_human,11,0.0,12,0.0
conv_human_human_personachat_0059,human_human,12,0.0,5,0.0
conv_human_human_personachat_0059,human_human,13,0.0,9,0.0
conv_human_human_personachat_0060,human_human,2,0.0,8,0.0
conv_human_human_personachat_0060,human_human,3,0.0,5,0.0
conv_human_human_personachat_0060,human_human,4,0.0,9,0.0833
conv_human_human_personachat_0060,human_human,5,0.0,7,0.0
conv_human_human_personachat_0060,human_human,6,0.0,14,0.0
conv_human_human_personachat_0060,human_human,7,0.0,5,0.0
conv_human_human_personachat_0060,human_human,8,0.0,9,0.0
conv_human_human_personachat_0060,human_human,9,0.0,6,0.0
conv_human_human_personachat_0060,human_human,10,0.0,10,0.0
conv_human_human_personachat_0060,human_human,11,0.0,8,0.0
conv_human_human_personachat_0061,human_human,2,0.0,11,0.0
conv_human_human_personachat_0061,human_human,3,0.0,8,0.0
conv_human_human_personachat_0061,human_human,4,0.0,14,0.0
conv_human_human_personachat_0061,human_human,5,0.0,14,0.0
conv_human_human_personachat_0061,human_human,6,0.0,16,0.0
conv_human_human_personachat_0061,human_human,7,0.0,13,0.0
conv_human_human_personachat_0061,human_human,8,0.0,10,0.0
conv_human_human_personachat_0061,human_human,9,0.0,12,0.0
conv_human_human_personachat_0061,human_human,10,0.0,10,0.0
conv_human_human_personachat_0061,human_human,11,0.0,5,0.0
conv_human_human_personachat_0062,human_human,2,0.0,10,0.0
conv_human_human_personachat_0062,human_human,3,0.0,7,0.0
conv_human_human_personachat_0062,human_human,4,0.0,5,0.0
conv_human_human_personachat_0062,human_human,5,0.0,7,0.0
conv_human_human_personachat_0062,human_human,6,0.0,16,0.0
conv_human_human_personachat_0062,human_human,7,0.0,10,0.0
conv_human_human_personachat_0062,human_human,8,0.0,10,0.0
conv_human_human_personachat_0062,human_human,9,0.0,8,0.0
conv_human_human_personachat_0062,human_human,10,0.0,11,0.0
conv_human_human_personachat_0062,human_human,11,0.0,13,0.0
conv_human_human_personachat_0062,human_human,12,0.0,6,0.0
conv_human_human_personachat_0062,human_human,13,0.0,3,0.0
conv_human_human_personachat_0062,human_human,14,0.0,12,0.0
conv_human_human_personachat_0062,human_human,15,0.0,8,0.0
conv_human_human_personachat_0063,human_human,2,0.0,13,0.0
conv_human_human_personachat_0063,human_human,3,0.0,12,0.0
conv_human_human_personachat_0063,human_human,4,0.0,13,0.0
conv_human_human_personachat_0063,human_human,5,0.0,6,0.0769
conv_human_human_personachat_0063,human_human,6,0.0,6,0.0
conv_human_human_personachat_0063,human_human,7,0.0,7,0.0
conv_human_human_personachat_0063,human_human,8,0.0,17,0.0
conv_human_human_personachat_0063,human_human,9,0.0,6,0.0
conv_human_human_personachat_0063,human_human,10,0.0,10,0.0
conv_human_human_personachat_0063,human_human,11,0.0,6,0.0
conv_human_human_personachat_0063,human_human,12,0.0,12,0.0
conv_human_human_personachat_0063,human_human,13,8.3333,12,0.0
conv_human_human_personachat_0064,human_human,2,0.0,12,0.0
conv_human_human_personachat_0064,human_human,3,0.0,5,0.0
conv_human_human_personachat_0064,human_human,4,0.0,9,0.0
conv_human_human_personachat_0064,human_human,5,0.0,8,0.0
conv_human_human_personachat_0064,human_human,6,12.5,8,0.0
conv_human_human_personachat_0064,human_human,7,0.0,6,0.0
conv_human_human_personachat_0064,human_human,8,0.0,13,0.0
conv_human_human_personachat_0064,human_human,9,0.0,11,0.0
conv_human_human_personachat_0064,human_human,10,0.0,14,0.0
conv_human_human_personachat_0064,human_human,11,0.0,7,0.0
conv_human_human_personachat_0064,human_human,12,0.0,6,0.0
conv_human_human_personachat_0064,human_human,13,0.0,8,0.0
conv_human_human_personachat_0065,human_human,2,7.1429,14,0.0
conv_human_human_personachat_0065,human_human,3,0.0,12,0.0
conv_human_human_personachat_0065,human_human,4,0.0,10,0.0
conv_human_human_personachat_0065,human_human,5,0.0,15,0.0
conv_human_human_personachat_0065,human_human,6,0.0,14,0.0
conv_human_human_personachat_0065,human_human,7,0.0,8,0.0
conv_human_human_personachat_0065,human_human,8,0.0,9,0.0
conv_human_human_personachat_0065,human_human,9,0.0,9,0.0
conv_human_human_personachat_0065,human_human,10,0.0,8,0.0
conv_human_human_personachat_0065,human_human,11,0.0,11,0.0
conv_human_human_personachat_0065,human_human,12,0.0,15,0.0
conv_human_human_personachat_0065,human_human,13,0.0,5,0.0
conv_human_human_personachat_0066,human_human,2,0.0,10,0.0
conv_human_human_personachat_0066,human_human,3,0.0,12,0.0
conv_human_human_personachat_0066,human_human,4,0.0,13,0.0
conv_human_human_personachat_0066,human_human,5,0.0,13,0.0
conv_human_human_personachat_0066,human_human,6,0.0,14,0.0
conv_human_human_personachat_0066,human_human,7,0.0,12,0.0
conv_human_human_personachat_0066,human_human,8,0.0,13,0.0
conv_human_human_personachat_0066,human_human,9,0.0,9,0.0
conv_human_human_personachat_0066,human_human,10,0.0,13,0.0
conv_human_human_personachat_0066,human_human,11,0.0,13,0.0
conv_human_human_personachat_0066,human_human,12,0.0,13,0.0
conv_human_human_personachat_0066,human_human,13,0.0,12,0.0
conv_human_human_personachat_0066,human_human,14,0.0,14,0.0
conv_human_human_personachat_0066,human_human,15,0.0,11,0.0
conv_human_human_personachat_0067,human_human,2,0.0,9,0.0
conv_human_human_personachat_0067,human_human,3,0.0,12,0.0
conv_human_human_personachat_0067,human_human,4,0.0,10,0.0
conv_human_human_personachat_0067,human_human,5,0.0,14,0.0
conv_human_human_personachat_0067,human_human,6,0.0,7,0.0
conv_human_human_personachat_0067,human_human,7,0.0,9,0.0
conv_human_human_personachat_0067,human_human,8,0.0,9,0.0
conv_human_human_personachat_0067,human_human,9,0.0,13,0.0
conv_human_human_personachat_0067,human_human,10,0.0,12,0.0
conv_human_human_personachat_0067,human_human,11,0.0,13,0.0
conv_human_human_personachat_0067,human_human,12,0.0,10,0.0
conv_human_human_personachat_0067,human_human,13,14.2857,7,0.0
conv_human_human_personachat_0067,human_human,14,0.0,11,0.0
conv_human_human_personachat_0067,human_human,15,7.6923,13,0.0
conv_human_human_personachat_0068,human_human,2,0.0,5,0.0
conv_human_human_personachat_0068,human_human,3,0.0,10,0.0
conv_human_human_personachat_0068,human_human,4,0.0,11,0.0
conv_human_human_personachat_0068,human_human,5,0.0,11,0.0
conv_human_human_personachat_0068,human_human,6,0.0,8,0.0
conv_human_human_personachat_0068,human_human,7,0.0,11,0.0
conv_human_human_personachat_0068,human_human,8,0.0,5,0.0
conv_human_human_personachat_0068,human_human,9,0.0,10,0.0
conv_human_human_personachat_0068,human_human,10,0.0,11,0.0
conv_human_human_personachat_0068,human_human,11,0.0,11,0.0
conv_human_human_personachat_0068,human_human,12,0.0,7,0.0
conv_human_human_personachat_0068,human_human,13,0.0,6,0.0
conv_human_human_personachat_0069,human_human,2,0.0,15,0.0
conv_human_human_personachat_0069,human_human,3,0.0,12,0.0
conv_human_human_personachat_0069,human_human,4,0.0,9,0.0
conv_human_human_personachat_0069,human_human,5,0.0,12,0.0
conv_human_human_personachat_0069,human_human,6,0.0,5,0.0
conv_human_human_personachat_0069,human_human,7,10.0,10,0.0
conv_human_human_personachat_0069,human_human,8,14.2857,7,0.0
conv_human_human_personachat_0069,human_human,9,0.0,12,0.0
conv_human_human_personachat_0069,human_human,10,7.6923,13,0.0
conv_human_human_personachat_0069,human_human,11,0.0,10,0.0
conv_human_human_personachat_0069,human_human,12,0.0,12,0.0
conv_human_human_personachat_0069,human_human,13,0.0,10,0.0
conv_human_human_personachat_0070,human_human,2,0.0,10,0.0
conv_human_human_personachat_0070,human_human,3,0.0,15,0.0
conv_human_human_personachat_0070,human_human,4,0.0,15,0.0
conv_human_human_personachat_0070,human_human,5,0.0,8,0.0
conv_human_human_personachat_0070,human_human,6,0.0,13,0.0
conv_human_human_personachat_0070,human_human,7,0.0,10,0.0
conv_human_human_personachat_0070,human_human,8,0.0,6,0.0
conv_human_human_personachat_0070,human_human,9,0.0,10,0.0
conv_human_human_personachat_0070,human_human,10,6.6667,15,0.0
conv_human_human_personachat_0070,human_human,11,0.0,7,0.0
conv_human_human_personachat_0070,human_human,12,0.0,12,0.0
conv_human_human_personachat_0070,human_human,13,0.0,12,0.0
conv_human_human_personachat_0071,human_human,2,0.0,12,0.0
conv_human_human_personachat_0071,human_human,3,0.0,12,0.0
conv_human_human_personachat_0071,human_human,4,0.0,9,0.0
conv_human_human_personachat_0071,human_human,5,0.0,14,0.0
conv_human_human_personachat_0071,human_human,6,0.0,10,0.0
conv_human_human_personachat_0071,human_human,7,0.0,7,0.0
conv_human_human_personachat_0071,human_human,8,0.0,8,0.0
conv_human_human_personachat_0071,human_human,9,0.0,11,0.0
conv_human_human_personachat_0071,human_human,10,0.0,11,0.0
conv_human_human_personachat_0071,human_human,11,0.0,6,0.0
conv_human_human_personachat_0071,human_human,12,0.0,14,0.0
conv_human_human_personachat_0071,human_human,13,0.0,8,0.0
conv_human_human_personachat_0071,human_human,14,0.0,10,0.1111
conv_human_human_personachat_0071,human_human,15,0.0,9,0.0
conv_human_human_personachat_0072,human_human,2,8.3333,12,0.0
conv_human_human_personachat_0072,human_human,3,0.0,10,0.0
conv_human_human_personachat_0072,human_human,4,0.0,10,0.0
conv_human_human_personachat_0072,human_human,5,0.0,11,0.0
conv_human_human_personachat_0072,human_human,6,0.0,5,0.0
conv_human_human_personachat_0072,human_human,7,0.0,7,0.0
conv_human_human_personachat_0072,human_human,8,0.0,14,0.0
conv_human_human_personachat_0072,human_human,9,0.0,9,0.0
conv_human_human_personachat_0072,human_human,10,0.0,12,0.0
conv_human_human_personachat_0072,human_human,11,0.0,7,0.0
conv_human_human_personachat_0072,human_human,12,0.0,11,0.0
conv_human_human_personachat_0072,human_human,13,0.0,6,0.0
conv_human_human_personachat_0072,human_human,14,7.1429,14,0.0
conv_human_human_personachat_0072,human_human,15,0.0,14,0.0
conv_human_human_personachat_0073,human_human,2,0.0,10,0.0
conv_human_human_personachat_0073,human_human,3,0.0,8,0.0
conv_human_human_personachat_0073,human_human,4,0.0,7,0.0
conv_human_human_personachat_0073,human_human,5,0.0,10,0.0
conv_human_human_personachat_0073,human_human,6,0.0,8,0.0
conv_human_human_personachat_0073,human_human,7,0.0,4,0.0
conv_human_human_personachat_0073,human_human,8,0.0,9,0.0
conv_human_human_personachat_0073,human_human,9,0.0,8,0.0
conv_human_human_personachat_0073,human_human,10,0.0,7,0.0
conv_human_human_personachat_0073,human_human,11,0.0,6,0.0
conv_human_human_personachat_0074,human_human,2,0.0,7,0.0
conv_human_human_personachat_0074,human_human,3,0.0,10,0.0
conv_human_human_personachat_0074,human_human,4,0.0,7,0.0
conv_human_human_personachat_0074,human_human,5,0.0,11,0.0
conv_human_human_personachat_0074,human_human,6,0.0,9,0.0
conv_human_human_personachat_0074,human_human,7,0.0,11,0.0
conv_human_human_personachat_0074,human_human,8,9.0909,11,0.0
conv_human_human_personachat_0074,human_human,9,0.0,12,0.0
conv_human_human_personachat_0074,human_human,10,0.0,6,0.0
conv_human_human_personachat_0074,human_human,11,12.5,8,0.0
conv_human_human_personachat_0074,human_human,12,0.0,12,0.0
conv_human_human_personachat_0074,human_human,13,0.0,9,0.0
conv_human_human_personachat_0075,human_human,2,0.0,13,0.0
conv_human_human_personachat_0075,human_human,3,0.0,5,0.0
conv_human_human_personachat_0075,human_human,4,0.0,11,0.0
conv_human_human_personachat_0075,human_human,5,0.0,10,0.0
conv_human_human_personachat_0075,human_human,6,0.0,13,0.0
conv_human_human_personachat_0075,human_human,7,0.0,13,0.0
conv_human_human_personachat_0075,human_human,8,0.0,14,0.0
conv_human_human_personachat_0075,human_human,9,7.6923,13,0.0
conv_human_human_personachat_0075,human_human,10,0.0,13,0.0
conv_human_human_personachat_0075,human_human,11,0.0,7,0.0
conv_human_human_personachat_0075,human_human,12,0.0,7,0.0
conv_human_human_personachat_0075,human_human,13,0.0,9,0.0
conv_human_human_personachat_0075,human_human,14,11.1111,9,0.0
conv_human_human_personachat_0075,human_human,15,0.0,14,0.0
conv_human_human_personachat_0076,human_human,2,0.0,14,0.0
conv_human_human_personachat_0076,human_human,3,0.0,6,0.0
conv_human_human_personachat_0076,human_human,4,0.0,10,0.0
conv_human_human_personachat_0076,human_human,5,0.0,14,0.0
conv_human_human_personachat_0076,human_human,6,0.0,14,0.0
conv_human_human_personachat_0076,human_human,7,0.0,13,0.0
conv_human_human_personachat_0076,human_human,8,0.0,11,0.0
conv_human_human_personachat_0076,human_human,9,0.0,5,0.0
conv_human_human_personachat_0076,human_human,10,0.0,8,0.0
conv_human_human_personachat_0076,human_human,11,0.0,11,0.0
conv_human_human_personachat_0076,human_human,12,0.0,14,0.0
conv_human_human_personachat_0076,human_human,13,0.0,5,0.0
conv_human_human_personachat_0077,human_human,2,0.0,15,0.0
conv_human_human_personachat_0077,human_human,3,0.0,11,0.0
conv_human_human_personachat_0077,human_human,4,0.0,12,0.0
conv_human_human_personachat_0077,human_human,5,0.0,11,0.0
conv_human_human_personachat_0077,human_human,6,0.0,12,0.0
conv_human_human_personachat_0077,human_human,7,0.0,9,0.0
conv_human_human_personachat_0077,human_human,8,0.0,14,0.0
conv_human_human_personachat_0077,human_human,9,0.0,15,0.0
conv_human_human_personachat_0077,human_human,10,0.0,4,0.0
conv_human_human_personachat_0077,human_human,11,0.0,15,0.0
conv_human_human_personachat_0077,human_human,12,0.0,6,0.0
conv_human_human_personachat_0077,human_human,13,0.0,13,0.0
conv_human_human_personachat_0077,human_human,14,0.0,9,0.0
conv_human_human_personachat_0077,human_human,15,0.0,9,0.0
conv_human_human_personachat_0078,human_human,2,0.0,6,0.0
conv_human_human_personachat_0078,human_human,3,0.0,12,0.0
conv_human_human_personachat_0078,human_human,4,0.0,7,0.2857
conv_human_human_personachat_0078,human_human,5,0.0,9,0.0
conv_human_human_personachat_0078,human_human,6,0.0,10,0.0
conv_human_human_personachat_0078,human_human,7,0.0,5,0.0
conv_human_human_personachat_0078,human_human,8,0.0,7,0.0
conv_human_human_personachat_0078,human_human,9,0.0,10,0.0
conv_human_human_personachat_0078,human_human,10,0.0,11,0.0
conv_human_human_personachat_0078,human_human,11,0.0,16,0.0
conv_human_human_personachat_0078,human_human,12,0.0,14,0.0
conv_human_human_personachat_0078,human_human,13,0.0,13,0.0
conv_human_human_personachat_0079,human_human,2,0.0,16,0.0
conv_human_human_personachat_0079,human_human,3,7.1429,14,0.0
conv_human_human_personachat_0079,human_human,4,7.1429,14,0.0
conv_human_human_personachat_0079,human_human,5,0.0,15,0.0
conv_human_human_personachat_0079,human_human,6,0.0,10,0.0
conv_human_human_personachat_0079,human_human,7,0.0,7,0.0
conv_human_human_personachat_0079,human_human,8,0.0,13,0.0
conv_human_human_personachat_0079,human_human,9,11.1111,9,0.0
conv_human_human_personachat_0079,human_human,10,9.0909,11,0.0
conv_human_human_personachat_0079,human_human,11,0.0,5,0.0
conv_human_human_personachat_0079,human_human,12,0.0,7,0.0
conv_human_human_personachat_0079,human_human,13,8.3333,12,0.0
conv_human_human_personachat_0079,human_human,14,6.6667,15,0.0
conv_human_human_personachat_0079,human_human,15,6.6667,15,0.0
conv_human_human_personachat_0080,human_human,2,0.0,15,0.0
conv_human_human_personachat_0080,human_human,3,0.0,9,0.0
conv_human_human_personachat_0080,human_human,4,0.0,16,0.0
conv_human_human_personachat_0080,human_human,5,0.0,15,0.0
conv_human_human_personachat_0080,human_human,6,0.0,12,0.0
conv_human_human_personachat_0080,human_human,7,0.0,10,0.0
conv_human_human_personachat_0080,human_human,8,0.0,8,0.0
conv_human_human_personachat_0080,human_human,9,0.0,14,0.0
conv_human_human_personachat_0080,human_human,10,0.0,7,0.0
conv_human_human_personachat_0080,human_human,11,0.0,9,0.0
conv_human_human_personachat_0080,human_human,12,0.0,10,0.0
conv_human_human_personachat_0080,human_human,13,0.0,10,0.0
conv_human_human_personachat_0080,human_human,14,0.0,11,0.0
conv_human_human_personachat_0080,human_human,15,0.0,15,0.0
conv_human_human_personachat_0081,human_human,2,0.0,8,0.0
conv_human_human_personachat_0081,human_human,3,0.0,11,0.0
conv_human_human_personachat_0081,human_human,4,0.0,13,0.0
conv_human_human_personachat_0081,human_human,5,0.0,14,0.0
conv_human_human_personachat_0081,human_human,6,0.0,15,0.0
conv_human_human_personachat_0081,human_human,7,0.0,6,0.0
conv_human_human_personachat_0081,human_human,8,0.0,6,0.0
conv_human_human_personachat_0081,human_human,9,0.0,11,0.0
conv_human_human_personachat_0081,human_human,10,0.0,11,0.1818
conv_human_human_personachat_0081,human_human,11,0.0,14,0.0
conv_human_human_personachat_0081,human_human,12,0.0,10,0.0
conv_human_human_personachat_0081,human_human,13,0.0,11,0.0
conv_human_human_personachat_0081,human_human,14,0.0,12,0.0
conv_human_human_personachat_0081,human_human,15,0.0,14,0.0
conv_human_human_personachat_0082,human_human,2,0.0,13,0.0
conv_human_human_personachat_0082,human_human,3,0.0,9,0.0
conv_human_human_personachat_0082,human_human,4,7.1429,14,0.0
conv_human_human_personachat_0082,human_human,5,0.0,5,0.0
conv_human_human_personachat_0082,human_human,6,10.0,10,0.0526
conv_human_human_personachat_0082,human_human,7,0.0,7,0.0
conv_human_human_personachat_0082,human_human,8,0.0,12,0.0
conv_human_human_personachat_0082,human_human,9,0.0,6,0.0
conv_human_human_personachat_0082,human_human,10,0.0,11,0.0
conv_human_human_personachat_0082,human_human,11,0.0,12,0.0
conv_human_human_personachat_0082,human_human,12,0.0,12,0.0
conv_human_human_personachat_0082,human_human,13,0.0,7,0.0
conv_human_human_personachat_0082,human_human,14,0.0,14,0.0
conv_human_human_personachat_0082,human_human,15,0.0,7,0.0
conv_human_human_personachat_0083,human_human,2,0.0,10,0.0
conv_human_human_personachat_0083,human_human,3,0.0,9,0.0
conv_human_human_personachat_0083,human_human,4,0.0,7,0.0
conv_human_human_personachat_0083,human_human,5,0.0,11,0.0
conv_human_human_personachat_0083,human_human,6,0.0,7,0.0
conv_human_human_personachat_0083,human_human,7,0.0,13,0.0
conv_human_human_personachat_0083,human_human,8,0.0,10,0.0
conv_human_human_personachat_0083,human_human,9,0.0,14,0.0
conv_human_human_personachat_0083,human_human,10,0.0,10,0.0
conv_human_human_personachat_0083,human_human,11,0.0,11,0.0
conv_human_human_personachat_0084,human_human,2,0.0,8,0.0
conv_human_human_personachat_0084,human_human,3,0.0,10,0.0
conv_human_human_personachat_0084,human_human,4,0.0,11,0.0
conv_human_human_personachat_0084,human_human,5,0.0,12,0.0
conv_human_human_personachat_0084,human_human,6,0.0,16,0.0
conv_human_human_personachat_0084,human_human,7,0.0,14,0.0
conv_human_human_personachat_0084,human_human,8,0.0,10,0.0
conv_human_human_personachat_0084,human_human,9,0.0,5,0.0
conv_human_human_personachat_0084,human_human,10,0.0,6,0.0
conv_human_human_personachat_0084,human_human,11,0.0,5,0.0
conv_human_human_personachat_0084,human_human,12,0.0,6,0.0
conv_human_human_personachat_0084,human_human,13,0.0,9,0.0
conv_human_human_personachat_0084,human_human,14,0.0,11,0.0
conv_human_human_personachat_0084,human_human,15,0.0,6,0.0
conv_human_human_personachat_0085,human_human,2,0.0,4,0.0
conv_human_human_personachat_0085,human_human,3,0.0,6,0.0
conv_human_human_personachat_0085,human_human,4,0.0,12,0.0
conv_human_human_personachat_0085,human_human,5,0.0,8,0.0
conv_human_human_personachat_0085,human_human,6,0.0,13,0.0
conv_human_human_personachat_0085,human_human,7,0.0,7,0.0
conv_human_human_personachat_0085,human_human,8,0.0,12,0.0
conv_human_human_personachat_0085,human_human,9,0.0,5,0.0
conv_human_human_personachat_0085,human_human,10,0.0,16,0.0
conv_human_human_personachat_0085,human_human,11,0.0,5,0.0
conv_human_human_personachat_0085,human_human,12,0.0,15,0.0
conv_human_human_personachat_0085,human_human,13,0.0,5,0.0
conv_human_human_personachat_0085,human_human,14,0.0,15,0.04
conv_human_human_personachat_0085,human_human,15,0.0,7,0.0
conv_human_human_personachat_0086,human_human,2,0.0,10,0.0
conv_human_human_personachat_0086,human_human,3,0.0,8,0.0
conv_human_human_personachat_0086,human_human,4,0.0,7,0.0
conv_human_human_personachat_0086,human_human,5,0.0,8,0.0
conv_human_human_personachat_0086,human_human,6,0.0,13,0.0
conv_human_human_personachat_0086,human_human,7,0.0,6,0.0
conv_human_human_personachat_0086,human_human,8,0.0,15,0.0
conv_human_human_personachat_0086,human_human,9,0.0,5,0.0
conv_human_human_personachat_0086,human_human,10,0.0,10,0.0
conv_human_human_personachat_0086,human_human,11,0.0,9,0.0
conv_human_human_personachat_0086,human_human,12,0.0,7,0.0
conv_human_human_personachat_0086,human_human,13,0.0,6,0.0
conv_human_human_personachat_0087,human_human,2,0.0,15,0.0
conv_human_human_personachat_0087,human_human,3,0.0,10,0.0
conv_human_human_personachat_0087,human_human,4,0.0,7,0.0
conv_human_human_personachat_0087,human_human,5,0.0,15,0.0
conv_human_human_personachat_0087,human_human,6,0.0,10,0.0
conv_human_human_personachat_0087,human_human,7,0.0,10,0.0
conv_human_human_personachat_0087,human_human,8,0.0,13,0.0
conv_human_human_personachat_0087,human_human,9,0.0,13,0.0
conv_human_human_personachat_0087,human_human,10,0.0,5,0.0
conv_human_human_personachat_0087,human_human,11,0.0,11,0.0
conv_human_human_personachat_0087,human_human,12,0.0,7,0.0
conv_human_human_personachat_0087,human_human,13,0.0,6,0.0
conv_human_human_personachat_0088,human_human,2,0.0,7,0.0
conv_human_human_personachat_0088,human_human,3,0.0,7,0.0
conv_human_human_personachat_0088,human_human,4,0.0,15,0.0
conv_human_human_personachat_0088,human_human,5,0.0,8,0.0
conv_human_human_personachat_0088,human_human,6,0.0,13,0.0
conv_human_human_personachat_0088,human_human,7,0.0,10,0.0
conv_human_human_personachat_0088,human_human,8,0.0,14,0.0
conv_human_human_personachat_0088,human_human,9,0.0,6,0.0
conv_human_human_personachat_0088,human_human,10,0.0,10,0.0
conv_human_human_personachat_0088,human_human,11,0.0,5,0.0
conv_human_human_personachat_0089,human_human,2,0.0,10,0.0
conv_human_human_personachat_0089,human_human,3,0.0,8,0.0
conv_human_human_personachat_0089,human_human,4,0.0,5,0.0
conv_human_human_personachat_0089,human_human,5,0.0,9,0.0
conv_human_human_personachat_0089,human_human,6,0.0,9,0.0
conv_human_human_personachat_0089,human_human,7,0.0,10,0.0
conv_human_human_personachat_0089,human_human,8,0.0,10,0.0
conv_human_human_personachat_0089,human_human,9,0.0,6,0.0
conv_human_human_personachat_0089,human_human,10,0.0,12,0.0
conv_human_human_personachat_0089,human_human,11,0.0,11,0.0
conv_human_human_personachat_0089,human_human,12,0.0,10,0.0
conv_human_human_personachat_0089,human_human,13,0.0,9,0.0
conv_human_human_personachat_0089,human_human,14,0.0,8,0.0
conv_human_human_personachat_0089,human_human,15,0.0,9,0.0
conv_human_human_personachat_0090,human_human,2,0.0,12,0.0
conv_human_human_personachat_0090,human_human,3,0.0,7,0.0
conv_human_human_personachat_0090,human_human,4,0.0,5,0.0
conv_human_human_personachat_0090,human_human,5,0.0,10,0.0
conv_human_human_personachat_0090,human_human,6,0.0,8,0.0
conv_human_human_personachat_0090,human_human,7,0.0,8,0.0
conv_human_human_personachat_0090,human_human,8,0.0,7,0.0
conv_human_human_personachat_0090,human_human,9,0.0,8,0.0
conv_human_human_personachat_0090,human_human,10,0.0,11,0.0
conv_human_human_personachat_0090,human_human,11,0.0,9,0.0
conv_human_human_personachat_0090,human_human,12,0.0,13,0.0
conv_human_human_personachat_0090,human_human,13,0.0,12,0.0
conv_human_human_personachat_0090,human_human,14,0.0,11,0.0
conv_human_human_personachat_0090,human_human,15,0.0,8,0.0
conv_human_human_personachat_0091,human_human,2,0.0,8,0.0
conv_human_human_personachat_0091,human_human,3,0.0,9,0.0
conv_human_human_personachat_0091,human_human,4,0.0,11,0.0
conv_human_human_personachat_0091,human_human,5,0.0,6,0.0
conv_human_human_personachat_0091,human_human,6,0.0,10,0.0
conv_human_human_personachat_0091,human_human,7,9.0909,11,0.0
conv_human_human_personachat_0091,human_human,8,0.0,7,0.0
conv_human_human_personachat_0091,human_human,9,0.0,12,0.0
conv_human_human_personachat_0091,human_human,10,0.0,13,0.0
conv_human_human_personachat_0091,human_human,11,0.0,13,0.05
conv_human_human_personachat_0091,human_human,12,7.1429,14,0.0
conv_human_human_personachat_0091,human_human,13,0.0,7,0.0
conv_human_human_personachat_0091,human_human,14,0.0,10,0.0
conv_human_human_personachat_0091,human_human,15,0.0,14,0.0
conv_human_human_personachat_0092,human_human,2,0.0,8,0.0
conv_human_human_personachat_0092,human_human,3,0.0,7,0.0
conv_human_human_personachat_0092,human_human,4,0.0,8,0.0
conv_human_human_personachat_0092,human_human,5,0.0,10,0.0
conv_human_human_personachat_0092,human_human,6,0.0,7,0.0
conv_human_human_personachat_0092,human_human,7,0.0,9,0.0
conv_human_human_personachat_0092,human_human,8,0.0,5,0.0
conv_human_human_personachat_0092,human_human,9,0.0,7,0.0
conv_human_human_personachat_0092,human_human,10,0.0,5,0.0
conv_human_human_personachat_0092,human_human,11,0.0,6,0.0
conv_human_human_personachat_0092,human_human,12,0.0,7,0.0
conv_human_human_personachat_0092,human_human,13,0.0,6,0.0
conv_human_human_personachat_0092,human_human,14,0.0,8,0.0
conv_human_human_personachat_0092,human_human,15,0.0,8,0.0
conv_human_human_personachat_0093,human_human,2,0.0,12,0.0
conv_human_human_personachat_0093,human_human,3,0.0,9,0.0
conv_human_human_personachat_0093,human_human,4,0.0,11,0.0
conv_human_human_personachat_0093,human_human,5,0.0,15,0.0
conv_human_human_personachat_0093,human_human,6,0.0,4,0.0
conv_human_human_personachat_0093,human_human,7,0.0,9,0.0
conv_human_human_personachat_0093,human_human,8,0.0,10,0.0
conv_human_human_personachat_0093,human_human,9,0.0,7,0.0
conv_human_human_personachat_0093,human_human,10,0.0,8,0.0
conv_human_human_personachat_0093,human_human,11,0.0,13,0.0
conv_human_human_personachat_0093,human_human,12,9.0909,11,0.0
conv_human_human_personachat_0093,human_human,13,0.0,7,0.0
conv_human_human_personachat_0094,human_human,2,0.0,8,0.0
conv_human_human_personachat_0094,human_human,3,0.0,12,0.0
conv_human_human_personachat_0094,human_human,4,0.0,11,0.0
conv_human_human_personachat_0094,human_human,5,0.0,6,0.0
conv_human_human_personachat_0094,human_human,6,0.0,10,0.0
conv_human_human_personachat_0094,human_human,7,0.0,13,0.0
conv_human_human_personachat_0094,human_human,8,0.0,9,0.0
conv_human_human_personachat_0094,human_human,9,0.0,8,0.0
conv_human_human_personachat_0094,human_human,10,0.0,14,0.0
conv_human_human_personachat_0094,human_human,11,0.0,12,0.0
conv_human_human_personachat_0094,human_human,12,0.0,17,0.0
conv_human_human_personachat_0094,human_human,13,0.0,12,0.0
conv_human_human_personachat_0095,human_human,2,0.0,9,0.0
conv_human_human_personachat_0095,human_human,3,0.0,14,0.0
conv_human_human_personachat_0095,human_human,4,0.0,8,0.0
conv_human_human_personachat_0095,human_human,5,6.6667,15,0.0
conv_human_human_personachat_0095,human_human,6,0.0,9,0.0
conv_human_human_personachat_0095,human_human,7,0.0,5,0.0
conv_human_human_personachat_0095,human_human,8,0.0,11,0.0
conv_human_human_personachat_0095,human_human,9,0.0,7,0.0
conv_human_human_personachat_0095,human_human,10,0.0,14,0.0
conv_human_human_personachat_0095,human_human,11,0.0,14,0.0
conv_human_human_personachat_0095,human_human,12,8.3333,12,0.0
conv_human_human_personachat_0095,human_human,13,0.0,11,0.0
conv_human_human_personachat_0095,human_human,14,0.0,12,0.0
conv_human_human_personachat_0095,human_human,15,0.0,15,0.0
conv_human_human_personachat_0095,human_human,16,0.0,13,0.0
conv_human_human_personachat_0095,human_human,17,0.0,12,0.0
conv_human_human_personachat_0096,human_human,2,0.0,8,0.0
conv_human_human_personachat_0096,human_human,3,0.0,7,0.0
conv_human_human_personachat_0096,human_human,4,0.0,10,0.0
conv_human_human_personachat_0096,human_human,5,0.0,6,0.0
conv_human_human_personachat_0096,human_human,6,0.0,7,0.0
conv_human_human_personachat_0096,human_human,7,0.0,7,0.0
conv_human_human_personachat_0096,human_human,8,0.0,13,0.0
conv_human_human_personachat_0096,human_human,9,0.0,5,0.0
conv_human_human_personachat_0096,human_human,10,0.0,6,0.0
conv_human_human_personachat_0096,human_human,11,0.0,6,0.0
conv_human_human_personachat_0096,human_human,12,0.0,13,0.0
conv_human_human_personachat_0096,human_human,13,0.0,5,0.0
conv_human_human_personachat_0096,human_human,14,0.0,10,0.0
conv_human_human_personachat_0096,human_human,15,0.0,7,0.0
conv_human_human_personachat_0097,human_human,2,0.0,8,0.0
conv_human_human_personachat_0097,human_human,3,0.0,6,0.0
conv_human_human_personachat_0097,human_human,4,0.0,10,0.0
conv_human_human_personachat_0097,human_human,5,0.0,6,0.0
conv_human_human_personachat_0097,human_human,6,0.0,13,0.0
conv_human_human_personachat_0097,human_human,7,0.0,13,0.0714
conv_human_human_personachat_0097,human_human,8,0.0,13,0.0
conv_human_human_personachat_0097,human_human,9,0.0,15,0.0
conv_human_human_personachat_0097,human_human,10,0.0,11,0.0
conv_human_human_personachat_0097,human_human,11,0.0,8,0.0
conv_human_human_personachat_0097,human_human,12,0.0,9,0.0
conv_human_human_personachat_0097,human_human,13,0.0,11,0.0
conv_human_human_personachat_0098,human_human,2,0.0,8,0.0
conv_human_human_personachat_0098,human_human,3,0.0,13,0.0
conv_human_human_personachat_0098,human_human,4,0.0,14,0.0
conv_human_human_personachat_0098,human_human,5,0.0,10,0.0
conv_human_human_personachat_0098,human_human,6,7.1429,14,0.0
conv_human_human_personachat_0098,human_human,7,0.0,9,0.0
conv_human_human_personachat_0098,human_human,8,0.0,14,0.0435
conv_human_human_personachat_0098,human_human,9,0.0,10,0.0
conv_human_human_personachat_0098,human_human,10,0.0,12,0.0
conv_human_human_personachat_0098,human_human,11,0.0,8,0.0
conv_human_human_personachat_0099,human_human,2,7.6923,13,0.0
conv_human_human_personachat_0099,human_human,3,0.0,14,0.0
conv_human_human_personachat_0099,human_human,4,0.0,8,0.0
conv_human_human_personachat_0099,human_human,5,0.0,16,0.0
conv_human_human_personachat_0099,human_human,6,0.0,16,0.0
conv_human_human_personachat_0099,human_human,7,0.0,12,0.0
conv_human_human_personachat_0099,human_human,8,0.0,11,0.0
conv_human_human_personachat_0099,human_human,9,6.6667,15,0.0
conv_human_human_personachat_0099,human_human,10,0.0,14,0.0
conv_human_human_personachat_0099,human_human,11,0.0,11,0.0
conv_human_human_personachat_0099,human_human,12,0.0,16,0.0
conv_human_human_personachat_0099,human_human,13,0.0,11,0.0
conv_human_human_personachat_0099,human_human,14,0.0,15,0.0
conv_human_human_personachat_0099,human_human,15,0.0,13,0.0
conv_human_human_personachat_0100,human_human,2,0.0,7,0.0
conv_human_human_personachat_0100,human_human,3,0.0,7,0.0
conv_human_human_personachat_0100,human_human,4,0.0,12,0.0
conv_human_human_personachat_0100,human_human,5,0.0,10,0.0
conv_human_human_personachat_0100,human_human,6,0.0,15,0.0
conv_human_human_personachat_0100,human_human,7,0.0,7,0.0
conv_human_human_personachat_0100,human_human,8,0.0,15,0.0
conv_human_human_personachat_0100,human_human,9,0.0,10,0.0
conv_human_human_personachat_0100,human_human,10,6.25,16,0.0
conv_human_human_personachat_0100,human_human,11,0.0,12,0.0
conv_human_human_personachat_0100,human_human,12,0.0,8,0.0
conv_human_human_personachat_0100,human_human,13,0.0,6,0.0
conv_human_human_personachat_0101,human_human,2,0.0,10,0.0
conv_human_human_personachat_0101,human_human,3,0.0,5,0.0
conv_human_human_personachat_0101,human_human,4,0.0,8,0.0
conv_human_human_personachat_0101,human_human,5,0.0,9,0.0
conv_human_human_personachat_0101,human_human,6,0.0,8,0.0
conv_human_human_personachat_0101,human_human,7,0.0,7,0.0
conv_human_human_personachat_0101,human_human,8,0.0,12,0.0
conv_human_human_personachat_0101,human_human,9,0.0,7,0.0
conv_human_human_personachat_0101,human_human,10,5.8824,17,0.0
conv_human_human_personachat_0101,human_human,11,0.0,6,0.0
conv_human_human_personachat_0101,human_human,12,0.0,13,0.0
conv_human_human_personachat_0101,human_human,13,16.6667,6,0.0
conv_human_human_personachat_0102,human_human,2,0.0,13,0.0
conv_human_human_personachat_0102,human_human,3,0.0,12,0.0
conv_human_human_personachat_0102,human_human,4,0.0,6,0.0
conv_human_human_personachat_0102,human_human,5,0.0,14,0.0
conv_human_human_personachat_0102,human_human,6,0.0,13,0.0
conv_human_human_personachat_0102,human_human,7,0.0,5,0.0
conv_human_human_personachat_0102,human_human,8,0.0,12,0.0
conv_human_human_personachat_0102,human_human,9,0.0,16,0.0
conv_human_human_personachat_0102,human_human,10,0.0,16,0.0
conv_human_human_personachat_0102,human_human,11,0.0,16,0.0
conv_human_human_personachat_0102,human_human,12,0.0,9,0.0
conv_human_human_personachat_0102,human_human,13,0.0,17,0.0
conv_human_human_personachat_0103,human_human,2,0.0,5,0.0
conv_human_human_personachat_0103,human_human,3,0.0,12,0.0
conv_human_human_personachat_0103,human_human,4,0.0,5,0.0
conv_human_human_personachat_0103,human_human,5,0.0,8,0.0
conv_human_human_personachat_0103,human_human,6,0.0,7,0.0
conv_human_human_personachat_0103,human_human,7,0.0,6,0.0
conv_human_human_personachat_0103,human_human,8,0.0,5,0.0
conv_human_human_personachat_0103,human_human,9,0.0,11,0.0
conv_human_human_personachat_0103,human_human,10,0.0,5,0.0
conv_human_human_personachat_0103,human_human,11,0.0,10,0.0
conv_human_human_personachat_0103,human_human,12,0.0,5,0.0
conv_human_human_personachat_0103,human_human,13,0.0,8,0.0
conv_human_human_personachat_0103,human_human,14,0.0,6,0.0
conv_human_human_personachat_0103,human_human,15,0.0,6,0.0
conv_human_human_personachat_0104,human_human,2,0.0,4,0.0
conv_human_human_personachat_0104,human_human,3,0.0,12,0.0
conv_human_human_personachat_0104,human_human,4,0.0,6,0.0
conv_human_human_personachat_0104,human_human,5,0.0,8,0.0
conv_human_human_personachat_0104,human_human,6,0.0,9,0.0
conv_human_human_personachat_0104,human_human,7,0.0,11,0.0
conv_human_human_personachat_0104,human_human,8,0.0,4,0.0
conv_human_human_personachat_0104,human_human,9,0.0,11,0.0
conv_human_human_personachat_0104,human_human,10,0.0,5,0.0
conv_human_human_personachat_0104,human_human,11,0.0,8,0.0
conv_human_human_personachat_0104,human_human,12,0.0,5,0.0
conv_human_human_personachat_0104,human_human,13,0.0,6,0.0
conv_human_human_personachat_0104,human_human,14,0.0,5,0.0
conv_human_human_personachat_0104,human_human,15,0.0,11,0.0
conv_human_human_personachat_0105,human_human,2,0.0,6,0.0
conv_human_human_personachat_0105,human_human,3,0.0,14,0.0
conv_human_human_personachat_0105,human_human,4,0.0,7,0.0
conv_human_human_personachat_0105,human_human,5,0.0,14,0.0
conv_human_human_personachat_0105,human_human,6,0.0,5,0.0
conv_human_human_personachat_0105,human_human,7,0.0,8,0.0
conv_human_human_personachat_0105,human_human,8,0.0,9,0.0
conv_human_human_personachat_0105,human_human,9,0.0,9,0.0
conv_human_human_personachat_0105,human_human,10,0.0,6,0.0
conv_human_human_personachat_0105,human_human,11,0.0,16,0.0
conv_human_human_personachat_0106,human_human,2,0.0,12,0.0
conv_human_human_personachat_0106,human_human,3,0.0,6,0.0
conv_human_human_personachat_0106,human_human,4,0.0,12,0.0
conv_human_human_personachat_0106,human_human,5,0.0,6,0.0
conv_human_human_personachat_0106,human_human,6,0.0,14,0.0
conv_human_human_personachat_0106,human_human,7,0.0,10,0.0
conv_human_human_personachat_0106,human_human,8,0.0,9,0.0
conv_human_human_personachat_0106,human_human,9,0.0,14,0.0
conv_human_human_personachat_0106,human_human,10,0.0,5,0.0
conv_human_human_personachat_0106,human_human,11,0.0,14,0.0
conv_human_human_personachat_0106,human_human,12,0.0,9,0.0
conv_human_human_personachat_0106,human_human,13,0.0,11,0.0
conv_human_human_personachat_0106,human_human,14,0.0,12,0.0
conv_human_human_personachat_0106,human_human,15,0.0,15,0.0
conv_human_human_personachat_0107,human_human,2,0.0,8,0.0
conv_human_human_personachat_0107,human_human,3,0.0,9,0.0
conv_human_human_personachat_0107,human_human,4,0.0,12,0.0
conv_human_human_personachat_0107,human_human,5,0.0,7,0.0
conv_human_human_personachat_0107,human_human,6,0.0,12,0.0
conv_human_human_personachat_0107,human_human,7,20.0,5,0.0
conv_human_human_personachat_0107,human_human,8,0.0,9,0.0
conv_human_human_personachat_0107,human_human,9,0.0,11,0.0
conv_human_human_personachat_0107,human_human,10,0.0,12,0.0
conv_human_human_personachat_0107,human_human,11,0.0,11,0.0
conv_human_human_personachat_0107,human_human,12,0.0,17,0.0
conv_human_human_personachat_0107,human_human,13,0.0,9,0.0
conv_human_human_personachat_0107,human_human,14,0.0,9,0.0
conv_human_human_personachat_0107,human_human,15,0.0,6,0.0
conv_human_human_personachat_0108,human_human,2,0.0,10,0.0
conv_human_human_personachat_0108,human_human,3,0.0,10,0.0
conv_human_human_personachat_0108,human_human,4,0.0,6,0.0
conv_human_human_personachat_0108,human_human,5,0.0,10,0.0
conv_human_human_personachat_0108,human_human,6,0.0,14,0.0
conv_human_human_personachat_0108,human_human,7,0.0,10,0.0
conv_human_human_personachat_0108,human_human,8,0.0,12,0.0
conv_human_human_personachat_0108,human_human,9,0.0,10,0.0
conv_human_human_personachat_0108,human_human,10,0.0,16,0.0
conv_human_human_personachat_0108,human_human,11,0.0,6,0.0
conv_human_human_personachat_0109,human_human,2,0.0,5,0.0
conv_human_human_personachat_0109,human_human,3,0.0,6,0.0
conv_human_human_personachat_0109,human_human,4,0.0,9,0.0
conv_human_human_personachat_0109,human_human,5,0.0,14,0.0
conv_human_human_personachat_0109,human_human,6,0.0,6,0.0
conv_human_human_personachat_0109,human_human,7,0.0,7,0.0
conv_human_human_personachat_0109,human_human,8,0.0,8,0.0
conv_human_human_personachat_0109,human_human,9,0.0,16,0.0
conv_human_human_personachat_0109,human_human,10,0.0,5,0.0
conv_human_human_personachat_0109,human_human,11,0.0,10,0.0
conv_human_human_personachat_0109,human_human,12,0.0,10,0.0
conv_human_human_personachat_0109,human_human,13,0.0,7,0.0
conv_human_human_personachat_0109,human_human,14,0.0,7,0.0
conv_human_human_personachat_0109,human_human,15,0.0,15,0.0
conv_human_human_personachat_0110,human_human,2,0.0,11,0.0
conv_human_human_personachat_0110,human_human,3,0.0,14,0.0
conv_human_human_personachat_0110,human_human,4,0.0,13,0.0
conv_human_human_personachat_0110,human_human,5,0.0,14,0.0
conv_human_human_personachat_0110,human_human,6,0.0,13,0.0476
conv_human_human_personachat_0110,human_human,7,0.0,10,0.0
conv_human_human_personachat_0110,human_human,8,0.0,9,0.0
conv_human_human_personachat_0110,human_human,9,0.0,12,0.0
conv_human_human_personachat_0110,human_human,10,0.0,10,0.0
conv_human_human_personachat_0110,human_human,11,0.0,6,0.0
conv_human_human_personachat_0110,human_human,12,0.0,14,0.0
conv_human_human_personachat_0110,human_human,13,0.0,10,0.0
conv_human_human_personachat_0111,human_human,2,0.0,15,0.0
conv_human_human_personachat_0111,human_human,3,0.0,5,0.0
conv_human_human_personachat_0111,human_human,4,0.0,16,0.0
conv_human_human_personachat_0111,human_human,5,0.0,5,0.0
conv_human_human_personachat_0111,human_human,6,0.0,7,0.0
conv_human_human_personachat_0111,human_human,7,0.0,6,0.0
conv_human_human_personachat_0111,human_human,8,0.0,10,0.0
conv_human_human_personachat_0111,human_human,9,0.0,6,0.0
conv_human_human_personachat_0111,human_human,10,0.0,13,0.0
conv_human_human_personachat_0111,human_human,11,0.0,6,0.0
conv_human_human_personachat_0111,human_human,12,0.0,13,0.0
conv_human_human_personachat_0111,human_human,13,0.0,5,0.0
conv_human_human_personachat_0111,human_human,14,0.0,10,0.0
conv_human_human_personachat_0111,human_human,15,0.0,5,0.0
conv_human_human_personachat_0112,human_human,2,0.0,5,0.0
conv_human_human_personachat_0112,human_human,3,0.0,9,0.0
conv_human_human_personachat_0112,human_human,4,0.0,8,0.0
conv_human_human_personachat_0112,human_human,5,0.0,6,0.0
conv_human_human_personachat_0112,human_human,6,0.0,11,0.0
conv_human_human_personachat_0112,human_human,7,0.0,16,0.0
conv_human_human_personachat_0112,human_human,8,0.0,10,0.0
conv_human_human_personachat_0112,human_human,9,0.0,12,0.0
conv_human_human_personachat_0112,human_human,10,0.0,12,0.0
conv_human_human_personachat_0112,human_human,11,0.0,11,0.0
conv_human_human_personachat_0112,human_human,12,0.0,10,0.0
conv_human_human_personachat_0112,human_human,13,0.0,9,0.0
conv_human_human_personachat_0112,human_human,14,0.0,8,0.0
conv_human_human_personachat_0112,human_human,15,0.0,8,0.0
conv_human_human_personachat_0113,human_human,2,0.0,13,0.0
conv_human_human_personachat_0113,human_human,3,0.0,6,0.0
conv_human_human_personachat_0113,human_human,4,0.0,17,0.0
conv_human_human_personachat_0113,human_human,5,0.0,13,0.0
conv_human_human_personachat_0113,human_human,6,0.0,16,0.0
conv_human_human_personachat_0113,human_human,7,0.0,15,0.0
conv_human_human_personachat_0113,human_human,8,0.0,11,0.0
conv_human_human_personachat_0113,human_human,9,0.0,10,0.0
conv_human_human_personachat_0113,human_human,10,0.0,15,0.0
conv_human_human_personachat_0113,human_human,11,0.0,8,0.0
conv_human_human_personachat_0113,human_human,12,0.0,11,0.0
conv_human_human_personachat_0113,human_human,13,6.25,16,0.0
conv_human_human_personachat_0113,human_human,14,0.0,14,0.0
conv_human_human_personachat_0113,human_human,15,0.0,12,0.0
conv_human_human_personachat_0114,human_human,2,6.6667,15,0.0
conv_human_human_personachat_0114,human_human,3,0.0,12,0.0
conv_human_human_personachat_0114,human_human,4,0.0,12,0.0
conv_human_human_personachat_0114,human_human,5,6.6667,15,0.0
conv_human_human_personachat_0114,human_human,6,0.0,9,0.0
conv_human_human_personachat_0114,human_human,7,0.0,6,0.0
conv_human_human_personachat_0114,human_human,8,0.0,11,0.0
conv_human_human_personachat_0114,human_human,9,0.0,11,0.0
conv_human_human_personachat_0114,human_human,10,0.0,5,0.0
conv_human_human_personachat_0114,human_human,11,0.0,13,0.0
conv_human_human_personachat_0114,human_human,12,0.0,8,0.0
conv_human_human_personachat_0114,human_human,13,0.0,8,0.0
conv_human_human_personachat_0115,human_human,2,0.0,10,0.0
conv_human_human_personachat_0115,human_human,3,0.0,7,0.0
conv_human_human_personachat_0115,human_human,4,0.0,12,0.0
conv_human_human_personachat_0115,human_human,5,0.0,6,0.0
conv_human_human_personachat_0115,human_human,6,0.0,10,0.0
conv_human_human_personachat_0115,human_human,7,0.0,7,0.0
conv_human_human_personachat_0115,human_human,8,0.0,7,0.0
conv_human_human_personachat_0115,human_human,9,0.0,7,0.0
conv_human_human_personachat_0115,human_human,10,0.0,8,0.0
conv_human_human_personachat_0115,human_human,11,0.0,5,0.0
conv_human_human_personachat_0115,human_human,12,0.0,10,0.0
conv_human_human_personachat_0115,human_human,13,0.0,5,0.0
conv_human_human_personachat_0115,human_human,14,0.0,7,0.0
conv_human_human_personachat_0115,human_human,15,0.0,8,0.0
conv_human_human_personachat_0116,human_human,2,0.0,5,0.0
conv_human_human_personachat_0116,human_human,3,5.5556,18,0.0
conv_human_human_personachat_0116,human_human,4,0.0,12,0.0
conv_human_human_personachat_0116,human_human,5,0.0,16,0.0
conv_human_human_personachat_0116,human_human,6,0.0,7,0.0
conv_human_human_personachat_0116,human_human,7,0.0,14,0.0
conv_human_human_personachat_0116,human_human,8,0.0,9,0.0
conv_human_human_personachat_0116,human_human,9,0.0,14,0.0
conv_human_human_personachat_0116,human_human,10,0.0,9,1.0
conv_human_human_personachat_0116,human_human,11,0.0,17,0.0
conv_human_human_personachat_0116,human_human,12,0.0,4,0.0
conv_human_human_personachat_0116,human_human,13,0.0,14,0.0
conv_human_human_personachat_0117,human_human,2,0.0,5,0.0
conv_human_human_personachat_0117,human_human,3,0.0,7,0.0
conv_human_human_personachat_0117,human_human,4,0.0,10,0.0
conv_human_human_personachat_0117,human_human,5,0.0,12,0.0
conv_human_human_personachat_0117,human_human,6,0.0,10,0.0
conv_human_human_personachat_0117,human_human,7,0.0,6,0.0
conv_human_human_personachat_0117,human_human,8,0.0,11,0.0
conv_human_human_personachat_0117,human_human,9,0.0,8,0.0
conv_human_human_personachat_0117,human_human,10,0.0,14,0.0
conv_human_human_personachat_0117,human_human,11,0.0,7,0.0
conv_human_human_personachat_0117,human_human,12,0.0,14,0.0
conv_human_human_personachat_0117,human_human,13,0.0,11,0.0
conv_human_human_personachat_0118,human_human,2,0.0,6,0.0
conv_human_human_personachat_0118,human_human,3,0.0,13,0.0
conv_human_human_personachat_0118,human_human,4,0.0,11,0.0
conv_human_human_personachat_0118,human_human,5,0.0,12,0.0
conv_human_human_personachat_0118,human_human,6,0.0,16,0.0
conv_human_human_personachat_0118,human_human,7,0.0,11,0.0
conv_human_human_personachat_0118,human_human,8,7.6923,13,0.0
conv_human_human_personachat_0118,human_human,9,0.0,11,0.0
conv_human_human_personachat_0118,human_human,10,0.0,10,0.0
conv_human_human_personachat_0118,human_human,11,0.0,10,0.0
conv_human_human_personachat_0118,human_human,12,0.0,15,0.0
conv_human_human_personachat_0118,human_human,13,0.0,9,0.0
conv_human_human_personachat_0118,human_human,14,0.0,14,0.0
conv_human_human_personachat_0118,human_human,15,0.0,5,0.0
conv_human_human_personachat_0119,human_human,2,0.0,5,0.0
conv_human_human_personachat_0119,human_human,3,0.0,12,0.0
conv_human_human_personachat_0119,human_human,4,0.0,10,0.0
conv_human_human_personachat_0119,human_human,5,0.0,12,0.0
conv_human_human_personachat_0119,human_human,6,0.0,10,0.0
conv_human_human_personachat_0119,human_human,7,0.0,14,0.0
conv_human_human_personachat_0119,human_human,8,0.0,13,0.0
conv_human_human_personachat_0119,human_human,9,0.0,10,0.0
conv_human_human_personachat_0119,human_human,10,0.0,10,0.0
conv_human_human_personachat_0119,human_human,11,0.0,11,0.0
conv_human_human_personachat_0119,human_human,12,0.0,11,0.0
conv_human_human_personachat_0119,human_human,13,0.0,11,0.0
conv_human_human_personachat_0120,human_human,2,0.0,5,0.0
conv_human_human_personachat_0120,human_human,3,0.0,9,0.0
conv_human_human_personachat_0120,human_human,4,0.0,13,0.0
conv_human_human_personachat_0120,human_human,5,0.0,15,0.0
conv_human_human_personachat_0120,human_human,6,0.0,10,0.0
conv_human_human_personachat_0120,human_human,7,0.0,13,0.0
conv_human_human_personachat_0120,human_human,8,0.0,11,0.0
conv_human_human_personachat_0120,human_human,9,0.0,12,0.0
conv_human_human_personachat_0120,human_human,10,6.6667,15,0.0
conv_human_human_personachat_0120,human_human,11,0.0,15,0.0
conv_human_human_personachat_0120,human_human,12,0.0,11,0.0
conv_human_human_personachat_0120,human_human,13,0.0,13,0.0
conv_human_human_personachat_0121,human_human,2,0.0,6,0.0
conv_human_human_personachat_0121,human_human,3,0.0,9,0.0
conv_human_human_personachat_0121,human_human,4,0.0,7,0.0
conv_human_human_personachat_0121,human_human,5,0.0,6,0.0
conv_human_human_personachat_0121,human_human,6,0.0,9,0.0
conv_human_human_personachat_0121,human_human,7,0.0,10,0.0
conv_human_human_personachat_0121,human_human,8,0.0,11,0.0
conv_human_human_personachat_0121,human_human,9,0.0,14,0.0
conv_human_human_personachat_0121,human_human,10,0.0,6,0.0
conv_human_human_personachat_0121,human_human,11,0.0,15,0.0
conv_human_human_personachat_0121,human_human,12,0.0,9,0.0
conv_human_human_personachat_0121,human_human,13,10.0,10,0.0
conv_human_human_personachat_0121,human_human,14,0.0,13,0.0
conv_human_human_personachat_0121,human_human,15,0.0,5,0.0
conv_human_human_personachat_0122,human_human,2,0.0,7,0.0
conv_human_human_personachat_0122,human_human,3,0.0,8,0.0
conv_human_human_personachat_0122,human_human,4,0.0,10,0.0
conv_human_human_personachat_0122,human_human,5,0.0,5,0.0
conv_human_human_personachat_0122,human_human,6,0.0,9,0.0
conv_human_human_personachat_0122,human_human,7,0.0,7,0.0
conv_human_human_personachat_0122,human_human,8,0.0,13,0.0
conv_human_human_personachat_0122,human_human,9,0.0,7,0.0
conv_human_human_personachat_0122,human_human,10,33.3333,6,0.0
conv_human_human_personachat_0122,human_human,11,0.0,6,0.0
conv_human_human_personachat_0122,human_human,12,0.0,8,0.0
conv_human_human_personachat_0122,human_human,13,0.0,10,0.0
conv_human_human_personachat_0123,human_human,2,0.0,5,0.0
conv_human_human_personachat_0123,human_human,3,0.0,8,0.0
conv_human_human_personachat_0123,human_human,4,6.25,16,0.0
conv_human_human_personachat_0123,human_human,5,0.0,14,0.0
conv_human_human_personachat_0123,human_human,6,0.0,7,0.0
conv_human_human_personachat_0123,human_human,7,0.0,16,0.0
conv_human_human_personachat_0123,human_human,8,0.0,7,0.0
conv_human_human_personachat_0123,human_human,9,0.0,7,0.0
conv_human_human_personachat_0123,human_human,10,0.0,6,0.0
conv_human_human_personachat_0123,human_human,11,0.0,13,0.0
conv_human_human_personachat_0123,human_human,12,0.0,15,0.0
conv_human_human_personachat_0123,human_human,13,0.0,11,0.0
conv_human_human_personachat_0124,human_human,2,0.0,12,0.0
conv_human_human_personachat_0124,human_human,3,0.0,9,0.0
conv_human_human_personachat_0124,human_human,4,6.25,16,0.0
conv_human_human_personachat_0124,human_human,5,0.0,13,0.0
conv_human_human_personachat_0124,human_human,6,0.0,15,0.0
conv_human_human_personachat_0124,human_human,7,0.0,12,0.0
conv_human_human_personachat_0124,human_human,8,0.0,14,0.0
conv_human_human_personachat_0124,human_human,9,11.1111,9,0.0
conv_human_human_personachat_0124,human_human,10,0.0,16,0.0
conv_human_human_personachat_0124,human_human,11,0.0,12,0.0
conv_human_human_personachat_0124,human_human,12,0.0,12,0.0
conv_human_human_personachat_0124,human_human,13,0.0,12,0.0
conv_human_human_personachat_0124,human_human,14,0.0,14,0.0
conv_human_human_personachat_0124,human_human,15,0.0,10,0.0
conv_human_human_personachat_0125,human_human,2,0.0,12,0.0
conv_human_human_personachat_0125,human_human,3,0.0,13,0.0
conv_human_human_personachat_0125,human_human,4,0.0,9,0.0
conv_human_human_personachat_0125,human_human,5,0.0,7,0.0
conv_human_human_personachat_0125,human_human,6,0.0,11,0.0
conv_human_human_personachat_0125,human_human,7,0.0,14,0.0
conv_human_human_personachat_0125,human_human,8,0.0,8,0.0
conv_human_human_personachat_0125,human_human,9,0.0,10,0.0
conv_human_human_personachat_0125,human_human,10,0.0,9,0.0
conv_human_human_personachat_0125,human_human,11,0.0,15,0.0
conv_human_human_personachat_0125,human_human,12,0.0,15,0.0
conv_human_human_personachat_0125,human_human,13,0.0,14,0.0
conv_human_human_personachat_0126,human_human,2,0.0,10,0.0
conv_human_human_personachat_0126,human_human,3,0.0,13,0.0
conv_human_human_personachat_0126,human_human,4,0.0,12,0.0
conv_human_human_personachat_0126,human_human,5,0.0,11,0.0
conv_human_human_personachat_0126,human_human,6,0.0,14,0.0
conv_human_human_personachat_0126,human_human,7,0.0,13,0.0
conv_human_human_personachat_0126,human_human,8,0.0,8,0.0
conv_human_human_personachat_0126,human_human,9,0.0,15,0.0
conv_human_human_personachat_0126,human_human,10,0.0,12,0.0
conv_human_human_personachat_0126,human_human,11,0.0,9,0.0
conv_human_human_personachat_0126,human_human,12,0.0,10,0.0
conv_human_human_personachat_0126,human_human,13,0.0,7,0.0
conv_human_human_personachat_0126,human_human,14,0.0,8,0.0
conv_human_human_personachat_0126,human_human,15,0.0,7,0.0
conv_human_human_personachat_0127,human_human,2,0.0,12,0.0
conv_human_human_personachat_0127,human_human,3,8.3333,12,0.0
conv_human_human_personachat_0127,human_human,4,0.0,13,0.0
conv_human_human_personachat_0127,human_human,5,0.0,12,0.0
conv_human_human_personachat_0127,human_human,6,0.0,12,0.0
conv_human_human_personachat_0127,human_human,7,0.0,10,0.0
conv_human_human_personachat_0127,human_human,8,0.0,14,0.0
conv_human_human_personachat_0127,human_human,9,0.0,5,0.0
conv_human_human_personachat_0127,human_human,10,0.0,14,0.0
conv_human_human_personachat_0127,human_human,11,0.0,5,0.0
conv_human_human_personachat_0127,human_human,12,0.0,12,0.0
conv_human_human_personachat_0127,human_human,13,0.0,12,0.0
conv_human_human_personachat_0127,human_human,14,0.0,9,0.0
conv_human_human_personachat_0127,human_human,15,0.0,10,0.0
conv_human_human_personachat_0128,human_human,2,0.0,13,0.0
conv_human_human_personachat_0128,human_human,3,0.0,8,0.0
conv_human_human_personachat_0128,human_human,4,0.0,10,0.0
conv_human_human_personachat_0128,human_human,5,0.0,12,0.0
conv_human_human_personachat_0128,human_human,6,0.0,17,0.0
conv_human_human_personachat_0128,human_human,7,0.0,13,0.0
conv_human_human_personachat_0128,human_human,8,0.0,9,0.0
conv_human_human_personachat_0128,human_human,9,0.0,7,0.0
conv_human_human_personachat_0128,human_human,10,0.0,13,0.0
conv_human_human_personachat_0128,human_human,11,0.0,14,0.0
conv_human_human_personachat_0128,human_human,12,0.0,13,0.0
conv_human_human_personachat_0128,human_human,13,20.0,5,0.0
conv_human_human_personachat_0128,human_human,14,7.1429,14,0.0
conv_human_human_personachat_0128,human_human,15,0.0,5,0.0
conv_human_human_personachat_0129,human_human,2,0.0,9,0.0
conv_human_human_personachat_0129,human_human,3,0.0,6,0.0
conv_human_human_personachat_0129,human_human,4,0.0,14,0.0
conv_human_human_personachat_0129,human_human,5,0.0,16,0.0
conv_human_human_personachat_0129,human_human,6,0.0,12,0.0
conv_human_human_personachat_0129,human_human,7,0.0,15,0.0
conv_human_human_personachat_0129,human_human,8,0.0,13,0.0
conv_human_human_personachat_0129,human_human,9,0.0,7,0.0
conv_human_human_personachat_0129,human_human,10,0.0,5,0.0
conv_human_human_personachat_0129,human_human,11,0.0,11,0.0
conv_human_human_personachat_0129,human_human,12,0.0,13,0.0
conv_human_human_personachat_0129,human_human,13,0.0,16,0.0
conv_human_human_personachat_0130,human_human,2,0.0,5,0.0
conv_human_human_personachat_0130,human_human,3,0.0,7,0.0
conv_human_human_personachat_0130,human_human,4,0.0,14,0.0
conv_human_human_personachat_0130,human_human,5,0.0,8,0.0
conv_human_human_personachat_0130,human_human,6,0.0,11,0.0
conv_human_human_personachat_0130,human_human,7,0.0,8,0.0
conv_human_human_personachat_0130,human_human,8,0.0,8,0.0
conv_human_human_personachat_0130,human_human,9,0.0,12,0.0
conv_human_human_personachat_0130,human_human,10,0.0,12,0.0
conv_human_human_personachat_0130,human_human,11,0.0,12,0.0
conv_human_human_personachat_0130,human_human,12,0.0,11,0.0
conv_human_human_personachat_0130,human_human,13,0.0,12,0.0
conv_human_human_personachat_0130,human_human,14,0.0,10,0.0
conv_human_human_personachat_0130,human_human,15,0.0,7,0.0
conv_human_human_personachat_0131,human_human,2,0.0,6,0.0
conv_human_human_personachat_0131,human_human,3,0.0,10,0.0
conv_human_human_personachat_0131,human_human,4,0.0,15,0.0
conv_human_human_personachat_0131,human_human,5,0.0,7,0.0
conv_human_human_personachat_0131,human_human,6,0.0,13,0.0
conv_human_human_personachat_0131,human_human,7,0.0,9,0.0
conv_human_human_personachat_0131,human_human,8,0.0,13,0.0
conv_human_human_personachat_0131,human_human,9,0.0,5,0.0
conv_human_human_personachat_0131,human_human,10,0.0,15,0.0
conv_human_human_personachat_0131,human_human,11,0.0,6,0.0
conv_human_human_personachat_0131,human_human,12,0.0,16,0.0
conv_human_human_personachat_0131,human_human,13,0.0,15,0.0
conv_human_human_personachat_0131,human_human,14,0.0,9,0.0
conv_human_human_personachat_0131,human_human,15,0.0,6,0.0
conv_human_human_personachat_0132,human_human,2,0.0,7,0.0
conv_human_human_personachat_0132,human_human,3,0.0,13,0.0
conv_human_human_personachat_0132,human_human,4,0.0,11,0.0
conv_human_human_personachat_0132,human_human,5,0.0,15,0.0
conv_human_human_personachat_0132,human_human,6,0.0,16,0.0
conv_human_human_personachat_0132,human_human,7,0.0,12,0.0
conv_human_human_personachat_0132,human_human,8,0.0,13,0.0
conv_human_human_personachat_0132,human_human,9,0.0,14,0.0
conv_human_human_personachat_0132,human_human,10,0.0,14,0.0455
conv_human_human_personachat_0132,human_human,11,0.0,15,0.0
conv_human_human_personachat_0132,human_human,12,6.6667,15,0.0
conv_human_human_personachat_0132,human_human,13,0.0,9,0.0
conv_human_human_personachat_0132,human_human,14,6.6667,15,0.0
conv_human_human_personachat_0132,human_human,15,0.0,6,0.0
conv_human_human_personachat_0133,human_human,2,0.0,9,0.0
conv_human_human_personachat_0133,human_human,3,0.0,10,0.0
conv_human_human_personachat_0133,human_human,4,0.0,11,0.0
conv_human_human_personachat_0133,human_human,5,0.0,14,0.0
conv_human_human_personachat_0133,human_human,6,0.0,9,0.0
conv_human_human_personachat_0133,human_human,7,0.0,11,0.0
conv_human_human_personachat_0133,human_human,8,0.0,5,0.0
conv_human_human_personachat_0133,human_human,9,0.0,13,0.0
conv_human_human_personachat_0133,human_human,10,0.0,6,0.0
conv_human_human_personachat_0133,human_human,11,7.1429,14,0.0
conv_human_human_personachat_0133,human_human,12,9.0909,11,0.0
conv_human_human_personachat_0133,human_human,13,0.0,14,0.0
conv_human_human_personachat_0134,human_human,2,0.0,7,0.0
conv_human_human_personachat_0134,human_human,3,0.0,5,0.0
conv_human_human_personachat_0134,human_human,4,0.0,9,0.0
conv_human_human_personachat_0134,human_human,5,0.0,6,0.0
conv_human_human_personachat_0134,human_human,6,0.0,5,0.0
conv_human_human_personachat_0134,human_human,7,0.0,10,0.0
conv_human_human_personachat_0134,human_human,8,0.0,5,0.0
conv_human_human_personachat_0134,human_human,9,16.6667,6,0.0
conv_human_human_personachat_0134,human_human,10,0.0,8,0.0
conv_human_human_personachat_0134,human_human,11,0.0,9,0.0
conv_human_human_personachat_0135,human_human,2,0.0,12,0.0
conv_human_human_personachat_0135,human_human,3,0.0,14,0.0
conv_human_human_personachat_0135,human_human,4,0.0,9,0.0
conv_human_human_personachat_0135,human_human,5,0.0,11,0.0
conv_human_human_personachat_0135,human_human,6,0.0,12,0.0
conv_human_human_personachat_0135,human_human,7,0.0,9,0.0
conv_human_human_personachat_0135,human_human,8,0.0,16,0.0
conv_human_human_personachat_0135,human_human,9,0.0,14,0.0
conv_human_human_personachat_0135,human_human,10,0.0,13,0.0
conv_human_human_personachat_0135,human_human,11,0.0,9,0.0
conv_human_human_personachat_0135,human_human,12,0.0,12,0.0
conv_human_human_personachat_0135,human_human,13,12.5,8,0.0
conv_human_human_personachat_0135,human_human,14,0.0,9,0.0
conv_human_human_personachat_0135,human_human,15,0.0,7,0.0
conv_human_human_personachat_0136,human_human,2,0.0,13,0.0
conv_human_human_personachat_0136,human_human,3,0.0,15,0.0
conv_human_human_personachat_0136,human_human,4,0.0,16,0.0
conv_human_human_personachat_0136,human_human,5,0.0,13,0.0
conv_human_human_personachat_0136,human_human,6,9.0909,11,0.0
conv_human_human_personachat_0136,human_human,7,0.0,14,0.0
conv_human_human_personachat_0136,human_human,8,0.0,11,0.0
conv_human_human_personachat_0136,human_human,9,0.0,9,0.0
conv_human_human_personachat_0136,human_human,10,0.0,12,0.0
conv_human_human_personachat_0136,human_human,11,0.0,12,0.0
conv_human_human_personachat_0137,human_human,2,0.0,4,0.0
conv_human_human_personachat_0137,human_human,3,0.0,11,0.0
conv_human_human_personachat_0137,human_human,4,0.0,8,0.0
conv_human_human_personachat_0137,human_human,5,0.0,8,0.0
conv_human_human_personachat_0137,human_human,6,0.0,14,0.0
conv_human_human_personachat_0137,human_human,7,0.0,11,0.0
conv_human_human_personachat_0137,human_human,8,9.0909,11,0.0
conv_human_human_personachat_0137,human_human,9,0.0,13,0.0
conv_human_human_personachat_0137,human_human,10,0.0,12,0.0
conv_human_human_personachat_0137,human_human,11,0.0,13,0.0
conv_human_human_personachat_0138,human_human,2,0.0,7,0.0
conv_human_human_personachat_0138,human_human,3,0.0,5,0.0
conv_human_human_personachat_0138,human_human,4,0.0,10,0.0
conv_human_human_personachat_0138,human_human,5,0.0,6,0.0
conv_human_human_personachat_0138,human_human,6,0.0,10,0.0
conv_human_human_personachat_0138,human_human,7,0.0,5,0.0
conv_human_human_personachat_0138,human_human,8,0.0,8,0.0
conv_human_human_personachat_0138,human_human,9,0.0,5,0.0
conv_human_human_personachat_0138,human_human,10,0.0,9,0.0
conv_human_human_personachat_0138,human_human,11,0.0,5,0.0
conv_human_human_personachat_0138,human_human,12,0.0,14,0.0
conv_human_human_personachat_0138,human_human,13,0.0,6,0.0
conv_human_human_personachat_0138,human_human,14,0.0,5,0.0
conv_human_human_personachat_0138,human_human,15,0.0,8,0.0
conv_human_human_personachat_0139,human_human,2,0.0,11,0.0
conv_human_human_personachat_0139,human_human,3,0.0,13,0.0
conv_human_human_personachat_0139,human_human,4,0.0,13,0.0
conv_human_human_personachat_0139,human_human,5,0.0,11,0.0
conv_human_human_personachat_0139,human_human,6,0.0,12,0.0
conv_human_human_personachat_0139,human_human,7,0.0,15,0.0
conv_human_human_personachat_0139,human_human,8,0.0,13,0.0
conv_human_human_personachat_0139,human_human,9,0.0,11,0.0
conv_human_human_personachat_0139,human_human,10,6.25,16,0.0
conv_human_human_personachat_0139,human_human,11,0.0,16,0.0
conv_human_human_personachat_0139,human_human,12,0.0,7,0.0
conv_human_human_personachat_0139,human_human,13,0.0,13,0.0
conv_human_human_personachat_0139,human_human,14,11.1111,9,0.0
conv_human_human_personachat_0139,human_human,15,7.1429,14,0.0
conv_human_human_personachat_0140,human_human,2,0.0,7,0.0
conv_human_human_personachat_0140,human_human,3,0.0,6,0.0
conv_human_human_personachat_0140,human_human,4,0.0,5,0.0
conv_human_human_personachat_0140,human_human,5,0.0,6,0.0
conv_human_human_personachat_0140,human_human,6,0.0,7,0.0
conv_human_human_personachat_0140,human_human,7,0.0,5,0.0
conv_human_human_personachat_0140,human_human,8,0.0,6,0.0
conv_human_human_personachat_0140,human_human,9,0.0,5,0.0
conv_human_human_personachat_0140,human_human,10,0.0,6,0.0
conv_human_human_personachat_0140,human_human,11,0.0,6,0.0
conv_human_human_personachat_0140,human_human,12,0.0,6,0.0
conv_human_human_personachat_0140,human_human,13,0.0,6,0.0
conv_human_human_personachat_0140,human_human,14,0.0,6,0.0
conv_human_human_personachat_0140,human_human,15,0.0,5,0.0
conv_human_human_personachat_0141,human_human,2,0.0,8,0.0
conv_human_human_personachat_0141,human_human,3,0.0,10,0.0
conv_human_human_personachat_0141,human_human,4,0.0,17,0.0
conv_human_human_personachat_0141,human_human,5,0.0,13,0.0
conv_human_human_personachat_0141,human_human,6,0.0,13,0.0
conv_human_human_personachat_0141,human_human,7,0.0,12,0.0
conv_human_human_personachat_0141,human_human,8,0.0,11,0.0
conv_human_human_personachat_0141,human_human,9,0.0,6,0.0
conv_human_human_personachat_0141,human_human,10,0.0,5,0.0
conv_human_human_personachat_0141,human_human,11,0.0,16,0.0
conv_human_human_personachat_0141,human_human,12,0.0,10,0.0
conv_human_human_personachat_0141,human_human,13,0.0,13,0.0
conv_human_human_personachat_0142,human_human,2,0.0,12,0.0
conv_human_human_personachat_0142,human_human,3,0.0,13,0.0
conv_human_human_personachat_0142,human_human,4,0.0,11,0.0
conv_human_human_personachat_0142,human_human,5,0.0,8,0.0
conv_human_human_personachat_0142,human_human,6,0.0,8,0.0
conv_human_human_personachat_0142,human_human,7,0.0,14,0.0
conv_human_human_personachat_0142,human_human,8,0.0,7,0.0
conv_human_human_personachat_0142,human_human,9,0.0,15,0.0
conv_human_human_personachat_0142,human_human,10,0.0,10,0.0
conv_human_human_personachat_0142,human_human,11,0.0,13,0.0
conv_human_human_personachat_0143,human_human,2,0.0,7,0.0
conv_human_human_personachat_0143,human_human,3,0.0,16,0.0
conv_human_human_personachat_0143,human_human,4,0.0,8,0.0
conv_human_human_personachat_0143,human_human,5,0.0,14,0.0
conv_human_human_personachat_0143,human_human,6,11.1111,9,0.0
conv_human_human_personachat_0143,human_human,7,0.0,17,0.0
conv_human_human_personachat_0143,human_human,8,0.0,10,0.0
conv_human_human_personachat_0143,human_human,9,0.0,17,0.0
conv_human_human_personachat_0143,human_human,10,0.0,16,0.0
conv_human_human_personachat_0143,human_human,11,0.0,12,0.0
conv_human_human_personachat_0144,human_human,2,11.1111,9,0.0
conv_human_human_personachat_0144,human_human,3,0.0,8,0.0
conv_human_human_personachat_0144,human_human,4,0.0,6,0.0
conv_human_human_personachat_0144,human_human,5,0.0,8,0.0
conv_human_human_personachat_0144,human_human,6,0.0,10,0.0
conv_human_human_personachat_0144,human_human,7,0.0,11,0.0
conv_human_human_personachat_0144,human_human,8,0.0,6,0.0
conv_human_human_personachat_0144,human_human,9,0.0,7,0.0
conv_human_human_personachat_0144,human_human,10,0.0,9,0.0
conv_human_human_personachat_0144,human_human,11,0.0,5,0.0
conv_human_human_personachat_0144,human_human,12,0.0,7,0.0
conv_human_human_personachat_0144,human_human,13,0.0,5,0.0
conv_human_human_personachat_0144,human_human,14,0.0,5,0.0
conv_human_human_personachat_0144,human_human,15,0.0,7,0.0
conv_human_human_personachat_0145,human_human,2,0.0,11,0.0
conv_human_human_personachat_0145,human_human,3,0.0,14,0.0
conv_human_human_personachat_0145,human_human,4,0.0,12,0.0
conv_human_human_personachat_0145,human_human,5,0.0,14,0.0
conv_human_human_personachat_0145,human_human,6,0.0,15,0.0
conv_human_human_personachat_0145,human_human,7,0.0,10,0.0
conv_human_human_personachat_0145,human_human,8,0.0,9,0.0
conv_human_human_personachat_0145,human_human,9,0.0,15,0.0
conv_human_human_personachat_0145,human_human,10,0.0,11,0.0
conv_human_human_personachat_0145,human_human,11,0.0,15,0.0
conv_human_human_personachat_0145,human_human,12,0.0,16,0.0
conv_human_human_personachat_0145,human_human,13,0.0,16,0.0
conv_human_human_personachat_0145,human_human,14,0.0,12,0.0435
conv_human_human_personachat_0145,human_human,15,0.0,12,0.0435
conv_human_human_personachat_0146,human_human,2,0.0,14,0.0
conv_human_human_personachat_0146,human_human,3,0.0,6,0.0
conv_human_human_personachat_0146,human_human,4,6.6667,15,0.0
conv_human_human_personachat_0146,human_human,5,0.0,6,1.0
conv_human_human_personachat_0146,human_human,6,0.0,6,0.0
conv_human_human_personachat_0146,human_human,7,0.0,10,0.0
conv_human_human_personachat_0146,human_human,8,0.0,8,0.0
conv_human_human_personachat_0146,human_human,9,0.0,8,0.0
conv_human_human_personachat_0146,human_human,10,0.0,5,0.0
conv_human_human_personachat_0146,human_human,11,0.0,7,0.0
conv_human_human_personachat_0146,human_human,12,0.0,8,0.0
conv_human_human_personachat_0146,human_human,13,0.0,8,0.0
conv_human_human_personachat_0147,human_human,2,0.0,10,0.0
conv_human_human_personachat_0147,human_human,3,0.0,12,0.0
conv_human_human_personachat_0147,human_human,4,0.0,13,0.0
conv_human_human_personachat_0147,human_human,5,0.0,15,0.0
conv_human_human_personachat_0147,human_human,6,0.0,10,0.0
conv_human_human_personachat_0147,human_human,7,0.0,15,0.0
conv_human_human_personachat_0147,human_human,8,6.6667,15,0.0
conv_human_human_personachat_0147,human_human,9,0.0,12,0.0
conv_human_human_personachat_0147,human_human,10,0.0,8,0.0
conv_human_human_personachat_0147,human_human,11,0.0,14,0.0
conv_human_human_personachat_0148,human_human,2,0.0,15,0.0
conv_human_human_personachat_0148,human_human,3,0.0,10,0.0
conv_human_human_personachat_0148,human_human,4,0.0,15,0.0
conv_human_human_personachat_0148,human_human,5,0.0,13,0.0
conv_human_human_personachat_0148,human_human,6,0.0,13,0.0
conv_human_human_personachat_0148,human_human,7,0.0,6,0.0
conv_human_human_personachat_0148,human_human,8,0.0,16,0.0
conv_human_human_personachat_0148,human_human,9,0.0,7,0.0
conv_human_human_personachat_0148,human_human,10,0.0,9,0.0
conv_human_human_personachat_0148,human_human,11,0.0,8,0.0
conv_human_human_personachat_0148,human_human,12,7.1429,14,0.0
conv_human_human_personachat_0148,human_human,13,0.0,9,0.0
conv_human_human_personachat_0149,human_human,2,0.0,4,0.0
conv_human_human_personachat_0149,human_human,3,0.0,14,0.0
conv_human_human_personachat_0149,human_human,4,0.0,8,0.0
conv_human_human_personachat_0149,human_human,5,0.0,6,0.0
conv_human_human_personachat_0149,human_human,6,0.0,9,0.0833
conv_human_human_personachat_0149,human_human,7,0.0,3,0.0
conv_human_human_personachat_0149,human_human,8,0.0,6,0.0
conv_human_human_personachat_0149,human_human,9,0.0,8,0.0
conv_human_human_personachat_0149,human_human,10,0.0,5,0.0
conv_human_human_personachat_0149,human_human,11,0.0,14,0.0
conv_human_human_personachat_0149,human_human,12,20.0,5,0.0
conv_human_human_personachat_0149,human_human,13,0.0,13,0.0
conv_human_human_personachat_0149,human_human,14,0.0,5,0.0
conv_human_human_personachat_0149,human_human,15,0.0,5,0.0
conv_human_human_personachat_0150,human_human,2,0.0,5,0.0
conv_human_human_personachat_0150,human_human,3,0.0,12,0.0
conv_human_human_personachat_0150,human_human,4,0.0,6,0.0
conv_human_human_personachat_0150,human_human,5,0.0,12,0.0
conv_human_human_personachat_0150,human_human,6,0.0,5,0.0
conv_human_human_personachat_0150,human_human,7,0.0,8,0.0
conv_human_human_personachat_0150,human_human,8,0.0,6,0.0
conv_human_human_personachat_0150,human_human,9,9.0909,11,0.0
conv_human_human_personachat_0150,human_human,10,0.0,5,0.1667
conv_human_human_personachat_0150,human_human,11,0.0,6,0.0
conv_human_human_personachat_0150,human_human,12,0.0,5,0.0
conv_human_human_personachat_0150,human_human,13,0.0,7,0.0
conv_human_human_personachat_0150,human_human,14,0.0,5,0.0
conv_human_human_personachat_0150,human_human,15,0.0,6,0.0
conv_human_human_personachat_0151,human_human,2,0.0,13,0.0
conv_human_human_personachat_0151,human_human,3,0.0,9,0.0
conv_human_human_personachat_0151,human_human,4,0.0,11,0.0
conv_human_human_personachat_0151,human_human,5,0.0,15,0.0
conv_human_human_personachat_0151,human_human,6,0.0,13,0.0
conv_human_human_personachat_0151,human_human,7,0.0,14,0.0
conv_human_human_personachat_0151,human_human,8,0.0,9,0.0
conv_human_human_personachat_0151,human_human,9,0.0,5,0.0
conv_human_human_personachat_0151,human_human,10,0.0,5,0.0
conv_human_human_personachat_0151,human_human,11,0.0,13,0.0
conv_human_human_personachat_0151,human_human,12,0.0,13,0.0
conv_human_human_personachat_0151,human_human,13,0.0,6,0.0
conv_human_human_personachat_0151,human_human,14,0.0,15,0.0
conv_human_human_personachat_0151,human_human,15,0.0,7,0.0
conv_human_human_personachat_0152,human_human,2,0.0,15,0.0
conv_human_human_personachat_0152,human_human,3,0.0,7,0.0
conv_human_human_personachat_0152,human_human,4,0.0,6,0.0
conv_human_human_personachat_0152,human_human,5,0.0,11,0.0
conv_human_human_personachat_0152,human_human,6,0.0,8,0.0
conv_human_human_personachat_0152,human_human,7,0.0,15,0.0
conv_human_human_personachat_0152,human_human,8,0.0,4,0.0
conv_human_human_personachat_0152,human_human,9,0.0,8,0.0
conv_human_human_personachat_0152,human_human,10,0.0,17,0.0
conv_human_human_personachat_0152,human_human,11,0.0,15,0.0
conv_human_human_personachat_0152,human_human,12,0.0,4,0.0
conv_human_human_personachat_0152,human_human,13,0.0,7,0.0
conv_human_human_personachat_0153,human_human,2,0.0,5,0.0
conv_human_human_personachat_0153,human_human,3,0.0,8,0.0
conv_human_human_personachat_0153,human_human,4,0.0,6,0.0
conv_human_human_personachat_0153,human_human,5,0.0,7,0.0
conv_human_human_personachat_0153,human_human,6,0.0,10,0.0
conv_human_human_personachat_0153,human_human,7,0.0,17,0.0526
conv_human_human_personachat_0153,human_human,8,0.0,5,0.0
conv_human_human_personachat_0153,human_human,9,0.0,9,0.0
conv_human_human_personachat_0153,human_human,10,0.0,13,0.0
conv_human_human_personachat_0153,human_human,11,0.0,13,0.0
conv_human_human_personachat_0153,human_human,12,0.0,6,0.0
conv_human_human_personachat_0153,human_human,13,0.0,17,0.0
conv_human_human_personachat_0154,human_human,2,0.0,8,0.0
conv_human_human_personachat_0154,human_human,3,0.0,8,0.0
conv_human_human_personachat_0154,human_human,4,14.2857,7,0.0
conv_human_human_personachat_0154,human_human,5,0.0,8,0.0
conv_human_human_personachat_0154,human_human,6,0.0,4,0.0
conv_human_human_personachat_0154,human_human,7,0.0,6,0.0
conv_human_human_personachat_0154,human_human,8,0.0,15,0.0
conv_human_human_personachat_0154,human_human,9,0.0,11,0.0833
conv_human_human_personachat_0154,human_human,10,0.0,14,0.0
conv_human_human_personachat_0154,human_human,11,0.0,11,0.0
conv_human_human_personachat_0154,human_human,12,0.0,13,0.0
conv_human_human_personachat_0154,human_human,13,0.0,8,0.0
conv_human_human_personachat_0154,human_human,14,0.0,10,0.0
conv_human_human_personachat_0154,human_human,15,16.6667,6,0.0
conv_human_human_personachat_0155,human_human,2,0.0,10,0.0
conv_human_human_personachat_0155,human_human,3,0.0,13,0.0
conv_human_human_personachat_0155,human_human,4,0.0,12,0.0
conv_human_human_personachat_0155,human_human,5,0.0,8,0.0
conv_human_human_personachat_0155,human_human,6,0.0,16,0.0
conv_human_human_personachat_0155,human_human,7,0.0,8,0.0
conv_human_human_personachat_0155,human_human,8,0.0,9,0.0
conv_human_human_personachat_0155,human_human,9,0.0,8,0.0
conv_human_human_personachat_0155,human_human,10,6.6667,15,0.0
conv_human_human_personachat_0155,human_human,11,0.0,15,0.0
conv_human_human_personachat_0155,human_human,12,0.0,8,0.0
conv_human_human_personachat_0155,human_human,13,0.0,10,0.0
conv_human_human_personachat_0155,human_human,14,0.0,8,0.0
conv_human_human_personachat_0155,human_human,15,0.0,10,0.0
conv_human_human_personachat_0156,human_human,2,0.0,7,0.0
conv_human_human_personachat_0156,human_human,3,0.0,16,0.0
conv_human_human_personachat_0156,human_human,4,0.0,12,0.0
conv_human_human_personachat_0156,human_human,5,0.0,14,0.0
conv_human_human_personachat_0156,human_human,6,0.0,15,0.0
conv_human_human_personachat_0156,human_human,7,5.5556,18,0.0
conv_human_human_personachat_0156,human_human,8,0.0,8,0.0
conv_human_human_personachat_0156,human_human,9,0.0,17,0.0
conv_human_human_personachat_0156,human_human,10,0.0,15,0.0
conv_human_human_personachat_0156,human_human,11,0.0,13,0.0
conv_human_human_personachat_0156,human_human,12,0.0,7,0.0
conv_human_human_personachat_0156,human_human,13,0.0,15,0.0
conv_human_human_personachat_0156,human_human,14,0.0,11,0.0
conv_human_human_personachat_0156,human_human,15,0.0,16,0.0385
conv_human_human_personachat_0157,human_human,2,0.0,10,0.0
conv_human_human_personachat_0157,human_human,3,0.0,9,0.0
conv_human_human_personachat_0157,human_human,4,0.0,13,0.0
conv_human_human_personachat_0157,human_human,5,0.0,12,0.0
conv_human_human_personachat_0157,human_human,6,0.0,8,0.0
conv_human_human_personachat_0157,human_human,7,0.0,12,0.0
conv_human_human_personachat_0157,human_human,8,0.0,18,0.0
conv_human_human_personachat_0157,human_human,9,0.0,13,0.0
conv_human_human_personachat_0157,human_human,10,7.6923,13,0.0
conv_human_human_personachat_0157,human_human,11,7.1429,14,0.0
conv_human_human_personachat_0158,human_human,2,0.0,6,0.0
conv_human_human_personachat_0158,human_human,3,0.0,7,0.0
conv_human_human_personachat_0158,human_human,4,0.0,10,0.0
conv_human_human_personachat_0158,human_human,5,0.0,7,0.0
conv_human_human_personachat_0158,human_human,6,0.0,7,0.0
conv_human_human_personachat_0158,human_human,7,0.0,13,0.0
conv_human_human_personachat_0158,human_human,8,0.0,10,0.0
conv_human_human_personachat_0158,human_human,9,0.0,9,0.0
conv_human_human_personachat_0158,human_human,10,0.0,9,0.0
conv_human_human_personachat_0158,human_human,11,0.0,6,0.0
conv_human_human_personachat_0158,human_human,12,0.0,7,0.0
conv_human_human_personachat_0158,human_human,13,0.0,5,0.0
conv_human_human_personachat_0158,human_human,14,0.0,4,0.0
conv_human_human_personachat_0158,human_human,15,0.0,10,0.0
conv_human_human_personachat_0159,human_human,2,0.0,9,0.0
conv_human_human_personachat_0159,human_human,3,0.0,12,0.0
conv_human_human_personachat_0159,human_human,4,0.0,7,0.0
conv_human_human_personachat_0159,human_human,5,0.0,10,0.0
conv_human_human_personachat_0159,human_human,6,0.0,12,0.0
conv_human_human_personachat_0159,human_human,7,0.0,8,0.0
conv_human_human_personachat_0159,human_human,8,0.0,11,0.0
conv_human_human_personachat_0159,human_human,9,0.0,10,0.0
conv_human_human_personachat_0159,human_human,10,7.6923,13,0.0
conv_human_human_personachat_0159,human_human,11,0.0,11,0.0
conv_human_human_personachat_0159,human_human,12,15.3846,13,0.0
conv_human_human_personachat_0159,human_human,13,0.0,7,0.0
conv_human_human_personachat_0159,human_human,14,0.0,5,0.0
conv_human_human_personachat_0159,human_human,15,0.0,12,0.0
conv_human_human_personachat_0159,human_human,16,0.0,15,0.0
conv_human_human_personachat_0159,human_human,17,0.0,14,0.0
conv_human_human_personachat_0159,human_human,18,0.0,14,0.0
conv_human_human_personachat_0159,human_human,19,0.0,18,0.0
conv_human_human_personachat_0159,human_human,20,0.0,9,0.0
conv_human_human_personachat_0159,human_human,21,0.0,6,0.0
conv_human_human_personachat_0159,human_human,22,0.0,10,0.0
conv_human_human_personachat_0159,human_human,23,0.0,8,0.0
conv_human_human_personachat_0159,human_human,24,7.1429,14,0.0
conv_human_human_personachat_0159,human_human,25,0.0,8,0.0
conv_human_human_personachat_0159,human_human,26,8.3333,12,0.0
conv_human_human_personachat_0159,human_human,27,0.0,5,0.0
conv_human_human_personachat_0160,human_human,2,0.0,9,0.0
conv_human_human_personachat_0160,human_human,3,0.0,13,0.0
conv_human_human_personachat_0160,human_human,4,0.0,11,0.0
conv_human_human_personachat_0160,human_human,5,0.0,13,0.0
conv_human_human_personachat_0160,human_human,6,0.0,14,0.0
conv_human_human_personachat_0160,human_human,7,0.0,7,0.0
conv_human_human_personachat_0160,human_human,8,0.0,6,0.0
conv_human_human_personachat_0160,human_human,9,0.0,7,0.0
conv_human_human_personachat_0160,human_human,10,0.0,4,0.0
conv_human_human_personachat_0160,human_human,11,0.0,6,0.0
conv_human_human_personachat_0160,human_human,12,0.0,8,0.0
conv_human_human_personachat_0160,human_human,13,0.0,8,0.0
conv_human_human_personachat_0161,human_human,2,0.0,5,0.0
conv_human_human_personachat_0161,human_human,3,0.0,9,0.0
conv_human_human_personachat_0161,human_human,4,0.0,9,0.0
conv_human_human_personachat_0161,human_human,5,0.0,15,0.0
conv_human_human_personachat_0161,human_human,6,0.0,9,0.0
conv_human_human_personachat_0161,human_human,7,0.0,13,0.0
conv_human_human_personachat_0161,human_human,8,0.0,7,0.0
conv_human_human_personachat_0161,human_human,9,7.1429,14,0.0
conv_human_human_personachat_0161,human_human,10,0.0,10,0.0
conv_human_human_personachat_0161,human_human,11,0.0,15,0.0
conv_human_human_personachat_0161,human_human,12,0.0,10,0.0
conv_human_human_personachat_0161,human_human,13,0.0,10,0.0
